3  -75.22317383440 39.90629479130
5  -75.23972359890 39.92758196060
21 -75.05195231610 40.06722521410
16 -74.99788895930 40.04266879950
4  -75.15078162290 39.92414994750
11 -75.23890490040 39.99388508450
13 -75.11050583240 40.01663922820
15 -75.12044795070 40.03371227840
9  -75.22976720460 39.97811725900
22 -75.07793671830 40.08385794270
17 -75.10014295290 40.04624160190
2  -75.14587566850 39.90225499170
20 -75.07114202840 40.05571028250
10 -75.08298480700 39.98930206740
8  -75.12738898500 39.97266961550
6  -75.17107941660 39.95980069440
14 -75.07390959280 40.03111400710
12 -75.18043622740 40.01675253550
19 -75.17825925620 40.05415555080
23 -74.97196906100 40.09048379920
18 -75.23871688690 40.05174947540
7  -75.25384313720 39.97073515400
1  -75.22519477700 39.88957139830
24 -75.03874742960 40.11817702700
