4725,10,1,2013,0,02,30,0.00
4725,10,1,2013,1,16,50,0.00
4725,10,1,2013,7,16,50,0.00
4725,10,1,2013,13,16,51,0.00
4725,10,1,2013,19,16,51,0.00
4725,10,2,2013,1,16,51,0.00
4725,10,2,2013,7,16,51,0.00
4725,10,2,2013,13,16,51,0.00
4725,10,2,2013,19,16,51,0.00
4725,10,3,2013,1,16,52,0.00
4725,10,3,2013,7,16,52,0.00
4725,10,3,2013,13,16,52,0.00
4725,10,3,2013,19,16,52,0.00
4725,10,4,2013,1,16,52,0.00
4725,10,4,2013,7,16,52,0.00
4725,10,4,2013,13,16,53,0.00
4725,10,4,2013,19,16,53,0.00
4725,10,5,2013,1,16,53,0.00
4725,10,5,2013,7,16,53,0.00
4725,10,5,2013,13,16,53,0.00
4725,10,5,2013,19,16,54,0.00
4725,10,6,2013,1,16,55,0.00
4725,10,6,2013,19,16,55,0.00
4725,10,7,2013,1,16,55,0.00
4725,10,7,2013,7,16,56,0.00
4725,10,7,2013,11,19,13,0.00
4725,10,7,2013,11,20,13,0.00
4725,10,7,2013,11,21,13,0.00
4725,10,7,2013,11,22,13,0.00
4725,10,7,2013,11,23,13,0.00
4725,10,7,2013,11,24,13,0.00
4725,10,7,2013,11,25,14,0.00
4725,10,7,2013,11,26,13,0.00
4725,10,7,2013,11,27,13,0.00
4725,10,7,2013,11,30,39,0.00
4725,10,7,2013,17,28,31,0.00
4725,10,7,2013,23,28,32,0.00
4725,10,8,2013,5,28,32,0.00
4725,10,8,2013,11,28,32,0.00
4725,10,8,2013,17,28,32,0.00
4725,10,8,2013,23,28,32,0.00
4725,10,9,2013,5,28,33,0.00
4725,10,9,2013,11,28,33,0.00
4725,10,9,2013,17,28,33,0.00
4725,10,9,2013,23,28,33,0.00
4725,10,10,2013,5,28,33,0.00
4725,10,10,2013,11,28,33,0.00
4725,10,10,2013,17,28,34,0.00
4725,10,10,2013,23,28,34,0.00
4725,10,11,2013,5,28,34,0.00
4725,10,11,2013,11,28,35,0.00
4725,10,11,2013,17,28,34,0.00
4725,10,11,2013,23,28,35,0.00
4725,10,12,2013,5,28,35,0.00
4725,10,12,2013,11,28,35,0.00
4725,10,12,2013,17,28,35,0.00
4725,10,12,2013,23,28,35,0.00
4725,10,13,2013,5,28,35,0.00
4725,10,13,2013,11,28,36,0.00
4725,10,13,2013,17,28,36,0.00
4725,10,13,2013,23,28,36,0.00
4725,10,14,2013,5,28,36,0.00
4725,10,14,2013,11,28,36,0.00
4725,10,14,2013,17,28,37,0.00
4725,10,14,2013,23,28,37,0.00
4725,10,15,2013,5,28,37,0.00
4725,10,15,2013,11,28,37,0.00
4725,10,15,2013,17,28,37,0.00
4725,10,15,2013,23,28,37,0.00
4725,10,16,2013,5,28,38,0.00
4725,10,16,2013,11,28,38,0.00
4725,10,16,2013,17,28,38,0.00
4725,10,16,2013,23,28,38,0.00
4725,10,17,2013,5,28,38,0.00
4725,10,17,2013,11,28,39,0.00
4725,10,17,2013,17,28,39,0.00
4725,10,17,2013,23,28,39,0.00
4725,10,18,2013,5,28,39,0.00
4725,10,18,2013,11,28,39,0.00
4725,10,18,2013,17,28,40,0.00
4725,10,18,2013,23,28,40,0.00
4725,10,19,2013,5,28,40,0.00
4725,10,19,2013,11,28,40,0.00
4725,10,19,2013,17,28,40,0.00
4725,10,19,2013,23,28,41,0.00
4725,10,20,2013,5,28,41,0.00
4725,10,20,2013,11,28,41,0.00
4725,10,20,2013,17,28,41,0.00
4725,10,20,2013,23,28,41,0.00
4725,10,21,2013,5,28,42,0.00
4725,10,21,2013,11,28,42,0.00
4725,10,21,2013,17,28,42,0.00
4725,10,21,2013,23,28,42,0.00
4725,10,22,2013,5,28,42,0.00
4725,10,22,2013,11,28,42,0.00
4725,10,22,2013,17,28,43,0.00
4725,10,22,2013,23,28,43,0.00
4725,10,23,2013,5,28,43,0.00
4725,10,23,2013,11,28,43,0.00
4725,10,23,2013,17,28,43,0.00
4725,10,23,2013,23,28,44,0.00
4725,10,24,2013,5,28,44,0.00
4725,10,24,2013,11,28,44,0.00
4725,10,24,2013,17,28,44,0.00
4725,10,24,2013,23,28,44,0.00
4725,10,25,2013,5,28,45,0.00
4725,10,25,2013,11,28,45,0.00
4725,10,25,2013,17,28,45,0.00
4725,10,25,2013,23,28,45,0.00
4725,10,26,2013,5,28,45,0.00
4725,10,26,2013,11,28,45,0.00
4725,10,26,2013,17,28,46,0.00
4725,10,26,2013,23,28,46,0.00
4725,10,27,2013,5,28,46,0.00
4725,10,27,2013,11,28,46,0.00
4725,10,27,2013,17,28,46,0.00
4725,10,27,2013,23,28,47,0.00
4725,10,28,2013,5,28,47,0.00
4725,10,28,2013,11,28,47,0.00
4725,10,28,2013,17,28,47,0.00
4725,10,28,2013,23,28,47,0.00
4725,10,29,2013,5,28,47,0.00
4725,10,29,2013,11,28,48,0.00
4725,10,29,2013,17,28,48,0.00
4725,10,29,2013,23,28,48,0.00
4725,10,30,2013,5,28,48,0.00
4725,10,30,2013,11,28,48,0.00
4725,10,30,2013,17,28,49,0.00
4725,10,30,2013,23,28,49,0.00
4725,10,31,2013,5,28,49,0.00
4725,10,31,2013,11,28,49,0.00
4725,10,31,2013,17,28,49,0.00
4725,10,31,2013,23,28,50,0.00
4725,11,1,2013,5,28,50,0.00
4725,11,1,2013,11,28,50,0.00
4725,11,1,2013,17,28,50,0.00
4725,11,1,2013,23,28,51,0.00
4725,11,2,2013,5,28,51,0.00
4725,11,2,2013,11,28,51,0.00
4725,11,2,2013,17,28,51,0.00
4725,11,2,2013,23,28,51,0.00
4725,11,3,2013,5,28,52,0.00
4725,11,3,2013,11,28,52,0.00
4725,11,3,2013,17,28,52,0.00
4725,11,3,2013,23,28,52,0.00
4725,11,4,2013,5,28,52,0.00
4725,11,4,2013,11,28,53,0.00
4725,11,4,2013,17,28,53,0.00
4725,11,4,2013,23,28,53,0.00
4725,11,5,2013,5,28,53,0.00
4725,11,5,2013,11,28,53,0.00
4725,11,5,2013,17,28,54,0.00
4725,11,5,2013,23,28,54,0.00
4725,11,6,2013,5,28,54,0.00
4725,11,6,2013,11,28,54,0.00
4725,11,6,2013,17,28,55,0.00
4725,11,6,2013,23,28,55,0.00
4725,11,7,2013,5,28,55,0.00
4725,11,7,2013,11,28,55,0.00
4725,11,7,2013,17,28,55,0.00
4725,11,7,2013,23,28,56,0.00
4725,11,8,2013,5,28,56,0.00
4725,11,8,2013,11,28,56,0.00
4725,11,8,2013,17,28,56,0.00
4725,11,8,2013,23,28,56,0.00
4725,11,9,2013,5,28,57,0.00
4725,11,9,2013,11,28,57,0.00
4725,11,9,2013,17,28,57,0.00
4725,11,9,2013,23,28,57,0.00
4725,11,10,2013,5,28,58,0.00
4725,11,10,2013,11,28,58,0.00
4725,11,10,2013,17,28,58,0.00
4725,11,10,2013,23,28,58,0.00
4725,11,11,2013,5,28,58,0.00
4725,11,11,2013,11,28,59,0.00
4725,11,11,2013,17,28,59,0.00
4725,11,11,2013,23,28,59,0.00
4725,11,12,2013,5,28,59,0.00
4725,11,12,2013,11,28,59,0.00
4725,11,12,2013,17,29,00,0.00
4725,11,12,2013,23,29,00,0.00
4725,11,13,2013,5,29,00,0.00
4725,11,13,2013,11,29,00,0.00
4725,11,13,2013,17,29,00,0.00
4725,11,13,2013,23,29,00,0.00
4725,11,14,2013,5,29,01,0.00
4725,11,14,2013,11,29,01,0.00
4725,11,14,2013,17,29,01,0.00
4725,11,14,2013,23,29,01,0.00
4725,11,15,2013,5,29,01,0.00
4725,11,15,2013,11,29,02,0.00
4725,11,15,2013,17,29,02,0.00
4725,11,15,2013,23,29,02,0.00
4725,11,16,2013,5,29,02,0.00
4725,11,16,2013,11,29,03,0.00
4725,11,16,2013,17,29,03,0.00
4725,11,16,2013,23,29,03,0.00
4725,11,17,2013,5,29,03,0.00
4725,11,17,2013,11,29,03,0.00
4725,11,17,2013,17,29,04,0.00
4725,11,17,2013,23,29,04,0.00
4725,11,18,2013,5,29,04,0.00
4725,11,18,2013,11,29,04,0.00
4725,11,18,2013,17,29,04,0.00
4725,11,18,2013,23,29,05,0.00
4725,11,19,2013,5,29,05,0.00
4725,11,19,2013,11,29,05,0.00
4725,11,19,2013,17,29,05,0.00
4725,11,19,2013,23,29,05,0.00
4725,11,20,2013,5,29,06,0.00
4725,11,20,2013,17,29,06,0.00
4725,11,20,2013,23,29,06,0.00
4725,11,21,2013,5,29,07,0.00
4725,11,21,2013,11,29,07,0.00
4725,11,21,2013,17,29,07,0.00
4725,11,21,2013,21,41,08,0.03
4725,11,21,2013,22,00,25,0.07
4725,11,21,2013,22,18,38,0.11
4725,11,21,2013,22,34,05,0.19
4725,11,21,2013,22,44,35,0.23
4725,11,21,2013,22,53,55,0.27
4725,11,21,2013,23,04,35,0.31
4725,11,21,2013,23,14,49,0.35
4725,11,21,2013,23,29,07,0.35
4725,11,21,2013,23,32,52,0.39
4725,11,22,2013,0,07,32,0.43
4725,11,22,2013,1,06,07,0.47
4725,11,22,2013,1,48,50,0.51
4725,11,22,2013,2,05,23,0.55
4725,11,22,2013,2,43,46,0.59
4725,11,22,2013,3,09,22,0.62
4725,11,22,2013,3,29,36,0.66
4725,11,22,2013,3,34,08,0.70
4725,11,22,2013,3,41,23,0.74
4725,11,22,2013,3,53,49,0.78
4725,11,22,2013,4,02,31,0.82
4725,11,22,2013,4,13,56,0.86
4725,11,22,2013,4,22,51,0.90
4725,11,22,2013,4,31,36,0.94
4725,11,22,2013,4,48,10,0.98
4725,11,22,2013,5,19,14,1.02
4725,11,22,2013,5,23,36,1.06
4725,11,22,2013,5,29,07,1.06
4725,11,22,2013,6,09,05,1.10
4725,11,22,2013,6,26,09,1.14
4725,11,22,2013,6,38,43,1.18
4725,11,22,2013,6,42,55,1.22
4725,11,22,2013,6,50,38,1.25
4725,11,22,2013,7,04,58,1.29
4725,11,22,2013,7,16,16,1.33
4725,11,22,2013,7,34,21,1.37
4725,11,22,2013,8,07,16,1.41
4725,11,22,2013,11,29,08,1.41
4725,11,22,2013,11,31,28,1.45
4725,11,22,2013,11,46,17,1.49
4725,11,22,2013,12,42,56,1.53
4725,11,22,2013,13,49,01,1.57
4725,11,22,2013,17,29,08,1.57
4725,11,22,2013,17,35,44,1.61
4725,11,22,2013,19,27,50,1.65
4725,11,22,2013,21,43,27,1.69
4725,11,22,2013,22,46,17,1.73
4725,11,22,2013,23,05,38,1.77
4725,11,22,2013,23,21,46,1.81
4725,11,22,2013,23,29,08,1.81
4725,11,22,2013,23,38,23,1.85
4725,11,22,2013,23,51,05,1.88
4725,11,23,2013,0,06,41,1.92
4725,11,23,2013,0,31,30,1.96
4725,11,23,2013,0,53,06,2.00
4725,11,23,2013,1,06,20,2.04
4725,11,23,2013,1,26,35,2.08
4725,11,23,2013,3,18,51,2.12
4725,11,23,2013,5,29,08,2.12
4725,11,23,2013,5,49,52,2.16
4725,11,23,2013,11,29,09,2.16
4725,11,23,2013,17,29,09,2.16
4725,11,23,2013,19,09,14,2.20
4725,11,23,2013,19,42,46,2.24
4725,11,23,2013,23,29,09,2.24
4725,11,24,2013,5,29,09,2.24
4725,11,24,2013,11,29,10,2.24
4725,11,24,2013,17,29,10,2.24
4725,11,24,2013,23,29,10,2.24
4725,11,25,2013,5,29,11,2.24
4725,11,25,2013,11,29,11,2.24
4725,11,25,2013,17,29,11,2.24
4725,11,25,2013,23,29,11,2.24
4725,11,26,2013,5,29,12,2.24
4725,11,26,2013,11,29,13,2.24
4725,11,26,2013,17,29,13,2.24
4725,11,26,2013,23,29,12,2.24
4725,11,27,2013,5,29,13,2.24
4725,11,27,2013,11,29,13,2.24
4725,11,27,2013,17,29,13,2.24
4725,11,27,2013,23,29,14,2.24
4725,11,28,2013,5,29,14,2.24
4725,11,28,2013,11,29,14,2.24
4725,11,28,2013,17,29,14,2.24
4725,11,28,2013,23,29,15,2.24
4725,11,29,2013,5,29,15,2.24
4725,11,29,2013,11,29,15,2.24
4725,11,29,2013,17,29,15,2.24
4725,11,29,2013,23,29,16,2.24
4725,11,30,2013,5,29,16,2.24
4725,11,30,2013,11,29,16,2.24
4725,11,30,2013,17,29,17,2.24
4725,11,30,2013,23,29,17,2.24
4725,12,1,2013,5,29,17,2.24
4725,12,1,2013,11,29,18,2.24
4725,12,1,2013,17,29,18,2.24
4725,12,1,2013,23,29,18,2.24
4725,12,2,2013,5,29,18,2.24
4725,12,2,2013,11,29,19,2.24
4725,12,2,2013,17,29,19,2.24
4725,12,2,2013,23,29,19,2.24
4725,12,3,2013,5,29,19,2.24
4725,12,3,2013,11,29,20,2.24
4725,12,3,2013,17,29,20,2.24
4725,12,3,2013,23,29,20,2.24
4725,12,4,2013,5,29,21,2.24
4725,12,4,2013,11,29,21,2.24
4725,12,4,2013,17,29,21,2.24
4725,12,4,2013,23,29,21,2.24
4725,12,5,2013,5,29,22,2.24
4725,12,5,2013,11,29,23,2.24
4725,12,6,2013,5,29,24,2.24
4725,12,6,2013,11,29,24,2.24
4725,12,6,2013,17,29,24,2.24
4725,12,6,2013,23,29,24,2.24
4725,12,7,2013,5,29,25,2.24
4725,12,7,2013,11,29,25,2.24
4725,12,7,2013,17,29,25,2.24
4725,12,7,2013,23,29,26,2.24
4725,12,8,2013,5,29,26,2.24
4725,12,8,2013,11,29,26,2.24
4725,12,8,2013,17,29,27,2.24
4725,12,8,2013,23,29,27,2.24
4725,12,9,2013,5,29,49,2.24
4725,12,9,2013,11,29,28,2.24
4725,12,9,2013,17,29,28,2.24
4725,12,9,2013,23,29,28,2.24
4725,12,10,2013,5,29,55,2.24
4725,12,10,2013,11,29,29,2.24
4725,12,10,2013,17,29,30,2.24
4725,12,10,2013,23,29,30,2.24
4725,12,11,2013,5,30,11,2.24
4725,12,11,2013,11,29,31,2.24
4725,12,11,2013,17,29,31,2.24
4725,12,11,2013,23,29,31,2.24
4725,12,12,2013,5,29,56,2.24
4725,12,12,2013,11,29,32,2.24
4725,12,12,2013,17,29,32,2.24
4725,12,12,2013,23,29,33,2.24
4725,12,13,2013,5,29,33,2.24
4725,12,13,2013,11,29,33,2.24
4725,12,13,2013,17,29,33,2.24
4725,12,13,2013,23,29,34,2.24
4725,12,14,2013,5,30,11,2.24
4725,12,14,2013,11,29,35,2.24
4725,12,14,2013,17,29,35,2.24
4725,12,14,2013,23,29,35,2.24
4725,12,15,2013,5,30,08,2.24
4725,12,15,2013,11,29,36,2.24
4725,12,15,2013,17,29,36,2.24
4725,12,15,2013,23,29,36,2.24
4725,12,16,2013,5,30,20,2.24
4725,12,16,2013,11,29,37,2.24
4725,12,16,2013,17,29,37,2.24
4725,12,16,2013,23,30,26,2.24
4725,12,17,2013,5,30,52,2.24
4725,12,17,2013,11,29,38,2.24
4725,12,17,2013,17,29,39,2.24
4725,12,17,2013,23,29,39,2.24
4725,12,18,2013,5,31,08,2.24
4725,12,18,2013,11,30,33,2.24
4725,12,18,2013,17,29,40,2.24
4725,12,18,2013,23,29,40,2.24
4725,12,19,2013,5,36,42,2.24
4725,12,19,2013,11,29,47,2.24
4725,12,19,2013,17,29,41,2.24
4725,12,19,2013,18,18,42,2.28
4725,12,19,2013,18,23,32,2.32
4725,12,19,2013,21,15,54,2.36
4725,12,19,2013,23,29,41,2.36
4725,12,20,2013,2,45,32,2.40
4725,12,20,2013,2,45,40,2.44
4725,12,20,2013,2,48,11,2.48
4725,12,20,2013,2,51,27,2.55
4725,12,20,2013,3,10,10,2.59
4725,12,20,2013,4,14,48,2.63
4725,12,20,2013,4,39,30,2.67
4725,12,20,2013,4,58,59,2.71
4725,12,20,2013,5,13,11,2.75
4725,12,20,2013,5,30,50,2.79
4725,12,20,2013,5,31,31,2.83
4725,12,20,2013,5,52,19,2.87
4725,12,20,2013,6,09,35,2.91
4725,12,20,2013,6,22,04,2.95
4725,12,20,2013,11,31,01,2.95
4725,12,20,2013,17,29,42,2.95
4725,12,20,2013,23,29,42,2.95
4725,12,21,2013,5,29,43,2.95
4725,12,21,2013,11,30,36,2.95
4725,12,21,2013,17,30,29,2.95
4725,12,21,2013,23,30,28,2.95
4725,12,22,2013,5,31,12,2.95
4725,12,22,2013,11,29,44,2.95
4725,12,22,2013,17,32,28,2.95
4725,12,22,2013,23,29,45,2.95
4725,12,23,2013,5,30,51,2.95
4725,12,23,2013,11,30,41,2.95
4725,12,23,2013,17,30,47,2.95
4725,12,23,2013,23,30,40,2.95
4725,12,24,2013,5,32,55,2.95
4725,12,24,2013,11,33,02,2.95
4725,12,24,2013,17,31,16,2.95
4725,12,24,2013,23,31,35,2.95
4725,12,25,2013,5,32,39,2.95
4725,12,25,2013,11,29,49,2.95
4725,12,25,2013,17,31,23,2.95
4725,12,25,2013,23,31,37,2.95
4725,12,26,2013,5,32,54,2.95
4725,12,26,2013,11,32,08,2.95
4725,12,26,2013,17,30,39,2.95
4725,12,26,2013,23,30,23,2.95
4725,12,27,2013,5,34,20,2.95
4725,12,27,2013,11,32,24,2.95
4725,12,27,2013,17,29,51,2.95
4725,12,27,2013,23,29,52,2.95
4725,12,28,2013,5,29,52,2.95
4725,12,28,2013,11,29,52,2.95
4725,12,28,2013,17,29,53,2.95
4725,12,28,2013,23,29,53,2.95
4725,12,29,2013,5,29,53,2.95
4725,12,29,2013,11,29,54,2.95
4725,12,29,2013,17,29,54,2.95
4725,12,29,2013,23,29,54,2.95
4725,12,30,2013,5,29,55,2.95
4725,12,30,2013,11,29,55,2.95
4725,12,30,2013,17,29,55,2.95
4725,12,30,2013,23,29,56,2.95
4725,12,31,2013,5,29,56,2.95
4725,12,31,2013,11,29,57,2.95
4725,12,31,2013,17,29,57,2.95
4725,12,31,2013,23,29,57,2.95
4725,1,1,2014,5,29,58,2.95
4725,1,1,2014,11,29,58,2.95
4725,1,1,2014,17,29,58,2.95
4725,1,1,2014,23,29,59,2.95
4725,1,2,2014,5,29,59,2.95
4725,1,2,2014,11,29,59,2.95
4725,1,2,2014,17,30,00,2.95
4725,1,2,2014,23,30,00,2.95
4725,1,3,2014,5,30,00,2.95
4725,1,3,2014,11,30,01,2.95
4725,1,3,2014,17,30,01,2.95
4725,1,3,2014,23,30,01,2.95
4725,1,4,2014,5,30,02,2.95
4725,1,4,2014,11,30,02,2.95
4725,1,4,2014,17,30,02,2.95
4725,1,4,2014,23,30,02,2.95
4725,1,5,2014,5,30,03,2.95
4725,1,5,2014,11,30,03,2.95
4725,1,5,2014,17,30,03,2.95
4725,1,5,2014,23,30,04,2.95
4725,1,6,2014,5,30,04,2.95
4725,1,6,2014,11,30,05,2.95
4725,1,6,2014,17,30,05,2.95
4725,1,6,2014,23,30,05,2.95
4725,1,7,2014,5,30,06,2.95
4725,1,7,2014,11,30,06,2.95
4725,1,7,2014,17,30,06,2.95
4725,1,7,2014,23,30,07,2.95
4725,1,8,2014,5,30,07,2.95
4725,1,8,2014,11,30,07,2.95
4725,1,8,2014,17,30,08,2.95
4725,1,8,2014,23,30,08,2.95
4725,1,9,2014,5,30,08,2.95
4725,1,9,2014,11,30,09,2.95
4725,1,9,2014,17,30,09,2.95
4725,1,9,2014,23,30,09,2.95
4725,1,10,2014,5,30,10,2.95
4725,1,10,2014,11,30,11,2.95
4725,1,10,2014,17,30,11,2.95
4725,1,10,2014,23,30,11,2.95
4725,1,11,2014,5,30,12,2.95
4725,1,11,2014,11,30,12,2.95
4725,1,11,2014,17,30,12,2.95
4725,1,11,2014,23,30,12,2.95
4725,1,12,2014,5,30,13,2.95
4725,1,12,2014,11,30,13,2.95
4725,1,12,2014,17,30,13,2.95
4725,1,12,2014,23,30,15,2.95
4725,1,13,2014,17,30,15,2.95
4725,1,13,2014,23,30,15,2.95
4725,1,14,2014,5,30,15,2.95
4725,1,14,2014,11,30,16,2.95
4725,1,14,2014,17,30,16,2.95
4725,1,14,2014,23,30,16,2.95
4725,1,15,2014,5,30,17,2.95
4725,1,15,2014,11,30,17,2.95
4725,1,15,2014,17,30,17,2.95
4725,1,15,2014,23,30,18,2.95
4725,1,16,2014,5,30,18,2.95
4725,1,16,2014,11,30,18,2.95
4725,1,16,2014,17,30,19,2.95
4725,1,16,2014,23,30,19,2.95
4725,1,17,2014,5,30,19,2.95
4725,1,17,2014,11,30,20,2.95
4725,1,17,2014,17,30,20,2.95
4725,1,17,2014,23,30,20,2.95
4725,1,18,2014,5,30,21,2.95
4725,1,18,2014,11,30,21,2.95
4725,1,18,2014,17,30,21,2.95
4725,1,18,2014,23,30,21,2.95
4725,1,19,2014,5,30,22,2.95
4725,1,19,2014,11,30,22,2.95
4725,1,19,2014,17,30,22,2.95
4725,1,19,2014,23,30,23,2.95
4725,1,20,2014,5,30,23,2.95
4725,1,20,2014,11,30,23,2.95
4725,1,20,2014,17,30,24,2.95
4725,1,20,2014,23,30,24,2.95
4725,1,21,2014,5,30,24,2.95
4725,1,21,2014,11,30,25,2.95
4725,1,21,2014,17,30,25,2.95
4725,1,21,2014,23,30,25,2.95
4725,1,22,2014,5,30,25,2.95
4725,1,22,2014,11,30,58,2.95
4725,1,22,2014,11,31,27,2.95
4725,1,22,2014,17,30,26,2.95
4725,1,22,2014,23,30,26,2.95
4725,1,23,2014,5,30,27,2.95
4725,1,23,2014,11,30,27,2.95
4725,1,23,2014,17,30,27,2.95
4725,1,23,2014,23,30,27,2.95
4725,1,24,2014,5,30,28,2.95
4725,1,24,2014,17,30,28,2.95
4725,1,24,2014,23,30,28,2.95
4725,1,25,2014,5,30,29,2.95
4725,1,25,2014,11,30,29,2.95
4725,1,25,2014,17,30,29,2.95
4725,1,25,2014,23,30,29,2.95
4725,1,26,2014,5,30,30,2.95
4725,1,26,2014,11,30,30,2.95
4725,1,26,2014,17,30,30,2.95
4725,1,26,2014,23,30,31,2.95
4725,1,27,2014,5,30,31,2.95
4725,1,27,2014,11,30,31,2.95
4725,1,27,2014,17,30,31,2.95
4725,1,27,2014,23,30,32,2.95
4725,1,28,2014,5,30,32,2.95
4725,1,28,2014,11,30,32,2.95
4725,1,28,2014,17,30,32,2.95
4725,1,28,2014,23,30,33,2.95
4725,1,29,2014,5,30,33,2.95
4725,1,29,2014,11,30,33,2.95
4725,1,29,2014,17,30,34,2.95
4725,1,29,2014,23,30,34,2.95
4725,1,30,2014,5,30,34,2.95
4725,1,30,2014,11,30,35,2.95
4725,1,30,2014,17,30,35,2.95
4725,1,30,2014,23,30,35,2.95
4725,1,31,2014,5,30,35,2.95
4725,1,31,2014,11,30,36,2.95
4725,1,31,2014,17,30,36,2.95
4725,1,31,2014,23,30,36,2.95
4725,2,1,2014,5,30,36,2.95
4725,2,1,2014,11,30,37,2.95
4725,2,1,2014,17,30,37,2.95
4725,2,1,2014,23,30,37,2.95
4725,2,2,2014,5,30,38,2.95
4725,2,2,2014,11,30,38,2.95
4725,2,2,2014,17,30,38,2.95
4725,2,2,2014,23,30,38,2.95
4725,2,3,2014,5,30,39,2.95
4725,2,3,2014,11,30,39,2.95
4725,2,3,2014,17,30,39,2.95
4725,2,3,2014,23,30,40,2.95
4725,2,4,2014,5,30,40,2.95
4725,2,4,2014,11,30,40,2.95
4725,2,4,2014,17,30,41,2.95
4725,2,4,2014,23,30,41,2.95
4725,2,5,2014,5,30,41,2.95
4725,2,5,2014,11,30,42,2.95
4725,2,5,2014,17,30,42,2.95
4725,2,5,2014,23,30,42,2.95
4725,2,6,2014,5,30,42,2.95
4725,2,6,2014,11,30,43,2.95
4725,2,6,2014,17,30,43,2.95
4725,2,6,2014,23,30,43,2.95
4725,2,7,2014,5,30,44,2.95
4725,2,7,2014,11,30,44,2.95
4725,2,7,2014,23,30,44,2.95
4725,2,8,2014,5,30,45,2.95
4725,2,8,2014,11,30,45,2.95
4725,2,8,2014,17,30,45,2.95
4725,2,8,2014,23,30,46,2.95
4725,2,9,2014,5,30,46,2.95
4725,2,9,2014,11,30,46,2.95
4725,2,9,2014,17,30,46,2.95
4725,2,9,2014,23,30,47,2.95
4725,2,10,2014,5,30,47,2.95
4725,2,10,2014,11,30,47,2.95
4725,2,10,2014,17,30,48,2.95
4725,2,10,2014,23,30,48,2.95
4725,2,11,2014,5,30,48,2.95
4725,2,11,2014,11,30,48,2.95
4725,2,11,2014,17,30,49,2.95
4725,2,11,2014,23,30,49,2.95
4725,2,12,2014,5,30,49,2.95
4725,2,12,2014,11,30,49,2.95
4725,2,12,2014,17,30,50,2.95
4725,2,12,2014,23,30,50,2.95
4725,2,13,2014,5,30,50,2.95
4725,2,13,2014,11,30,50,2.95
4725,2,13,2014,17,30,51,2.95
4725,2,13,2014,23,30,51,2.95
4725,2,14,2014,5,30,51,2.95
4725,2,14,2014,11,30,51,2.95
4725,2,14,2014,17,30,52,2.95
4725,2,14,2014,23,30,52,2.95
4725,2,15,2014,5,30,52,2.95
4725,2,15,2014,11,30,52,2.95
4725,2,15,2014,17,30,53,2.95
4725,2,15,2014,23,30,53,2.95
4725,2,16,2014,5,30,53,2.95
4725,2,16,2014,11,30,53,2.95
4725,2,16,2014,17,30,53,2.95
4725,2,16,2014,23,30,54,2.95
4725,2,17,2014,5,30,54,2.95
4725,2,17,2014,11,30,54,2.95
4725,2,17,2014,17,30,54,2.95
4725,2,17,2014,23,30,55,2.95
4725,2,18,2014,5,30,55,2.95
4725,2,18,2014,11,30,55,2.95
4725,2,18,2014,23,30,58,2.95
4725,2,19,2014,5,30,58,2.95
4725,2,19,2014,11,30,57,2.95
4725,2,19,2014,17,30,56,2.95
4725,2,19,2014,23,30,56,2.95
4725,2,20,2014,5,30,57,2.95
4725,2,20,2014,11,30,57,2.95
4725,2,20,2014,17,30,57,2.95
4725,2,20,2014,23,30,57,2.95
4725,2,21,2014,5,30,58,2.95
4725,2,21,2014,11,30,58,2.95
4725,2,21,2014,17,30,58,2.95
4725,2,21,2014,23,30,58,2.95
4725,2,22,2014,5,30,59,2.95
4725,2,22,2014,11,30,59,2.95
4725,2,22,2014,17,30,59,2.95
4725,2,22,2014,23,30,59,2.95
4725,2,23,2014,17,31,00,2.95
4725,2,23,2014,23,31,00,2.95
4725,2,24,2014,5,31,01,2.95
4725,2,24,2014,11,31,01,2.95
4725,2,24,2014,17,31,01,2.95
4725,2,24,2014,23,31,01,2.95
4725,2,25,2014,5,31,02,2.95
4725,2,25,2014,11,31,02,2.95
4725,2,25,2014,17,31,02,2.95
4725,2,25,2014,23,31,02,2.95
4725,2,26,2014,5,31,02,2.95
4725,2,26,2014,11,31,03,2.95
4725,2,26,2014,17,31,03,2.95
4725,2,26,2014,23,31,03,2.95
4725,2,27,2014,5,31,03,2.95
4725,2,27,2014,11,31,04,2.95
4725,2,27,2014,17,31,04,2.95
4725,2,27,2014,23,31,04,2.95
4725,2,28,2014,5,31,04,2.95
4725,2,28,2014,11,31,05,2.95
4725,2,28,2014,17,31,05,2.95
4725,2,28,2014,23,31,05,2.95
4725,3,1,2014,5,31,05,2.95
4725,3,1,2014,7,12,18,2.99
4725,3,1,2014,11,31,05,2.99
4725,3,1,2014,12,22,08,3.03
4725,3,1,2014,12,24,55,3.07
4725,3,1,2014,12,27,07,3.11
4725,3,1,2014,12,28,32,3.14
4725,3,1,2014,12,29,36,3.18
4725,3,1,2014,12,30,33,3.22
4725,3,1,2014,12,31,23,3.26
4725,3,1,2014,12,32,12,3.30
4725,3,1,2014,12,32,53,3.34
4725,3,1,2014,12,33,29,3.38
4725,3,1,2014,12,34,34,3.42
4725,3,1,2014,12,35,05,3.46
4725,3,1,2014,12,36,34,3.50
4725,3,1,2014,13,04,42,3.54
4725,3,1,2014,17,31,05,3.54
4725,3,1,2014,18,00,02,3.62
4725,3,1,2014,18,02,05,3.66
4725,3,1,2014,18,03,47,3.70
4725,3,1,2014,18,07,34,3.77
4725,3,1,2014,18,10,34,3.81
4725,3,1,2014,18,18,34,3.85
4725,3,1,2014,18,25,00,3.89
4725,3,1,2014,19,20,39,3.93
4725,3,1,2014,19,23,48,3.97
4725,3,1,2014,19,26,44,4.01
4725,3,1,2014,19,40,37,4.05
4725,3,1,2014,19,50,14,4.09
4725,3,1,2014,20,17,13,4.13
4725,3,1,2014,20,55,34,4.17
4725,3,1,2014,21,24,57,4.21
4725,3,1,2014,22,24,09,4.25
4725,3,1,2014,22,42,39,4.29
4725,3,1,2014,23,04,25,4.33
4725,3,1,2014,23,31,06,4.33
4725,3,2,2014,2,33,45,4.37
4725,3,2,2014,5,31,06,4.37
4725,3,2,2014,11,31,06,4.37
4725,3,2,2014,17,31,06,4.37
4725,3,2,2014,23,31,07,4.37
4725,3,3,2014,5,31,07,4.37
4725,3,3,2014,11,31,07,4.37
4725,3,3,2014,17,31,07,4.37
4725,3,3,2014,23,31,08,4.37
4725,3,4,2014,5,31,08,4.37
4725,3,4,2014,11,31,09,4.37
4725,3,4,2014,17,31,08,4.37
4725,3,4,2014,23,31,09,4.37
4725,3,5,2014,5,31,09,4.37
4725,3,5,2014,11,31,09,4.37
4725,3,5,2014,17,31,09,4.37
4725,3,5,2014,23,31,09,4.37
4725,3,6,2014,5,31,10,4.37
4725,3,6,2014,11,31,10,4.37
4725,3,6,2014,17,31,10,4.37
4725,3,6,2014,23,31,11,4.37
4725,3,7,2014,5,31,10,4.37
4725,3,7,2014,11,31,11,4.37
4725,3,7,2014,17,31,11,4.37
4725,3,7,2014,23,31,11,4.37
4725,3,8,2014,5,31,11,4.37
4725,3,8,2014,11,31,12,4.37
4725,3,8,2014,17,31,18,4.37
4725,3,8,2014,23,31,12,4.37
4725,3,9,2014,5,31,12,4.37
4725,3,9,2014,11,31,12,4.37
4725,3,9,2014,17,31,13,4.37
4725,3,9,2014,23,31,13,4.37
4725,3,10,2014,5,31,13,4.37
4725,3,10,2014,11,31,13,4.37
4725,3,10,2014,17,31,13,4.37
4725,3,10,2014,23,31,14,4.37
4725,3,11,2014,5,31,14,4.37
4725,3,11,2014,11,31,14,4.37
4725,3,11,2014,17,31,14,4.37
4725,3,11,2014,23,31,14,4.37
4725,3,12,2014,5,31,15,4.37
4725,3,12,2014,11,30,58,4.37
4725,3,12,2014,11,31,15,4.37
4725,3,12,2014,17,31,15,4.37
4725,3,12,2014,23,31,15,4.37
4725,3,13,2014,5,31,16,4.37
4725,3,13,2014,11,31,16,4.37
4725,3,13,2014,17,31,16,4.37
4725,3,13,2014,23,31,16,4.37
4725,3,14,2014,5,31,17,4.37
4725,3,14,2014,11,31,17,4.37
4725,3,14,2014,17,31,17,4.37
4725,3,14,2014,23,31,17,4.37
4725,3,15,2014,5,31,18,4.37
4725,3,15,2014,11,31,18,4.37
4725,3,15,2014,17,31,18,4.37
4725,3,15,2014,23,31,18,4.37
4725,3,16,2014,5,31,18,4.37
4725,3,16,2014,11,31,19,4.37
4725,3,16,2014,17,31,19,4.37
4725,3,16,2014,23,31,19,4.37
4725,3,17,2014,5,31,19,4.37
4725,3,17,2014,11,31,19,4.37
4725,3,17,2014,17,31,19,4.37
4725,3,17,2014,23,31,20,4.37
4725,3,18,2014,5,31,20,4.37
4725,3,18,2014,11,31,20,4.37
4725,3,18,2014,17,31,20,4.37
4725,3,18,2014,23,31,20,4.37
4725,3,19,2014,5,31,21,4.37
4725,3,19,2014,11,31,21,4.37
4725,3,19,2014,17,31,21,4.37
4725,3,19,2014,23,31,21,4.37
4725,3,20,2014,5,31,22,4.37
4725,3,20,2014,11,31,22,4.37
4725,3,20,2014,17,31,22,4.37
4725,3,20,2014,23,31,22,4.37
4725,3,21,2014,5,31,22,4.37
4725,3,21,2014,11,31,22,4.37
4725,3,21,2014,17,31,23,4.37
4725,3,21,2014,23,31,23,4.37
4725,3,22,2014,5,31,23,4.37
4725,3,22,2014,11,31,23,4.37
4725,3,22,2014,17,31,24,4.37
4725,3,22,2014,23,31,24,4.37
4725,3,23,2014,5,31,24,4.37
4725,3,23,2014,11,31,24,4.37
4725,3,23,2014,17,31,24,4.37
4725,3,23,2014,23,31,25,4.37
4725,3,24,2014,5,31,25,4.37
4725,3,24,2014,11,31,25,4.37
4725,3,24,2014,17,31,25,4.37
4725,3,24,2014,23,31,25,4.37
4725,3,25,2014,5,31,26,4.37
4725,3,25,2014,11,31,26,4.37
4725,3,25,2014,17,31,26,4.37
4725,3,25,2014,23,31,26,4.37
4725,3,26,2014,5,31,26,4.37
4725,3,26,2014,11,31,27,4.37
4725,3,26,2014,17,31,27,4.37
4725,3,26,2014,23,31,27,4.37
4725,3,27,2014,5,31,27,4.37
4725,3,27,2014,11,31,27,4.37
4725,3,27,2014,17,31,27,4.37
4725,3,27,2014,23,31,28,4.37
4725,3,28,2014,5,31,28,4.37
4725,3,28,2014,11,31,28,4.37
4725,3,28,2014,17,31,28,4.37
4725,3,28,2014,23,31,28,4.37
4725,3,29,2014,5,31,29,4.37
4725,3,29,2014,11,31,29,4.37
4725,3,29,2014,17,31,29,4.37
4725,3,29,2014,23,31,29,4.37
4725,3,30,2014,5,31,30,4.37
4725,3,30,2014,11,31,30,4.37
4725,3,30,2014,17,31,30,4.37
4725,3,30,2014,23,31,30,4.37
4725,3,31,2014,5,31,30,4.37
4725,3,31,2014,11,31,31,4.37
4725,3,31,2014,17,31,31,4.37
4725,3,31,2014,23,31,31,4.37
4725,4,1,2014,5,31,31,4.37
4725,4,1,2014,11,31,31,4.37
4725,4,1,2014,17,31,31,4.37
4725,4,1,2014,23,31,32,4.37
4725,4,2,2014,5,31,32,4.37
4725,4,2,2014,11,31,32,4.37
4725,4,2,2014,17,31,32,4.37
4725,4,2,2014,17,53,55,4.40
4725,4,2,2014,23,31,32,4.40
4725,4,3,2014,5,31,33,4.40
4725,4,3,2014,11,31,33,4.40
4725,4,3,2014,17,31,33,4.40
4725,4,3,2014,23,31,33,4.40
4725,4,4,2014,5,31,34,4.40
4725,4,4,2014,11,31,34,4.40
4725,4,4,2014,17,31,34,4.40
4725,4,4,2014,23,31,34,4.40
4725,4,5,2014,5,31,34,4.40
4725,4,5,2014,11,31,35,4.40
4725,4,5,2014,17,31,35,4.40
4725,4,5,2014,23,31,35,4.40
4725,4,6,2014,5,31,36,4.40
4725,4,6,2014,11,31,35,4.40
4725,4,6,2014,17,31,36,4.40
4725,4,6,2014,23,31,36,4.40
4725,4,7,2014,5,31,36,4.40
4725,4,7,2014,11,31,36,4.40
4725,4,7,2014,17,31,36,4.40
4725,4,7,2014,23,31,37,4.40
4725,4,8,2014,5,31,37,4.40
4725,4,8,2014,11,31,37,4.40
4725,4,8,2014,17,31,37,4.40
4725,4,8,2014,23,31,37,4.40
4725,4,9,2014,5,31,38,4.40
4725,4,9,2014,11,31,38,4.40
4725,4,9,2014,17,31,38,4.40
4725,4,9,2014,23,31,38,4.40
4725,4,10,2014,5,31,38,4.40
4725,4,10,2014,11,31,38,4.40
4725,4,10,2014,17,31,39,4.40
4725,4,10,2014,23,31,39,4.40
4725,4,11,2014,5,31,39,4.40
4725,4,11,2014,11,31,39,4.40
4725,4,11,2014,17,31,39,4.40
4725,4,11,2014,23,31,40,4.40
4725,4,12,2014,5,31,40,4.40
4725,4,12,2014,11,31,40,4.40
4725,4,12,2014,17,31,40,4.40
4725,4,12,2014,23,31,40,4.40
4725,4,13,2014,11,31,41,4.40
4725,4,13,2014,17,31,41,4.40
4725,4,13,2014,23,31,41,4.40
4725,4,14,2014,5,31,41,4.40
4725,4,14,2014,11,31,41,4.40
4725,4,14,2014,17,31,41,4.40
4725,4,14,2014,23,31,42,4.40
4725,4,15,2014,5,31,42,4.40
4725,4,15,2014,11,31,42,4.40
4725,4,15,2014,17,31,42,4.40
4725,4,15,2014,23,31,42,4.40
4725,4,16,2014,5,31,42,4.40
4725,4,16,2014,11,31,43,4.40
4725,4,16,2014,17,31,43,4.40
4725,4,16,2014,23,31,43,4.40
4725,4,17,2014,5,31,43,4.40
4725,4,17,2014,11,31,44,4.40
4725,4,17,2014,17,31,44,4.40
4725,4,17,2014,23,31,44,4.40
4725,4,18,2014,5,31,44,4.40
4725,4,18,2014,11,31,44,4.40
4725,4,18,2014,17,31,44,4.40
4725,4,18,2014,23,31,45,4.40
4725,4,19,2014,5,31,45,4.40
4725,4,19,2014,11,31,45,4.40
4725,4,19,2014,17,31,45,4.40
4725,4,20,2014,5,31,45,4.40
4725,4,20,2014,11,31,46,4.40
4725,4,20,2014,17,31,46,4.40
4725,4,20,2014,23,31,46,4.40
4725,4,21,2014,5,31,46,4.40
4725,4,21,2014,11,31,46,4.40
4725,4,21,2014,17,31,47,4.40
4725,4,21,2014,23,31,46,4.40
4725,4,22,2014,5,31,47,4.40
4725,4,22,2014,11,31,47,4.40
4725,4,22,2014,23,31,47,4.40
4725,4,23,2014,5,31,48,4.40
4725,4,23,2014,11,31,48,4.40
4725,4,23,2014,17,31,48,4.40
4725,4,23,2014,23,31,48,4.40
4725,4,24,2014,5,31,48,4.40
4725,4,24,2014,11,31,48,4.40
4725,4,24,2014,17,31,49,4.40
4725,4,24,2014,23,31,49,4.40
4725,4,25,2014,5,31,49,4.40
4725,4,25,2014,11,31,49,4.40
4725,4,26,2014,5,31,51,4.40
4725,4,26,2014,11,31,50,4.40
4725,4,26,2014,17,31,50,4.40
4725,4,26,2014,23,31,50,4.40
4725,4,27,2014,5,31,50,4.40
4725,4,27,2014,11,31,51,4.40
4725,4,27,2014,17,31,51,4.40
4725,4,27,2014,23,31,51,4.40
4725,4,28,2014,5,31,51,4.40
4725,4,28,2014,11,31,51,4.40
4725,4,28,2014,17,31,52,4.40
4725,4,28,2014,23,31,52,4.40
4725,4,29,2014,5,31,52,4.40
4725,4,29,2014,9,27,27,4.40
4725,4,29,2014,15,28,03,4.40
4725,4,29,2014,21,28,03,4.40
4725,4,30,2014,3,28,03,4.40
4725,4,30,2014,9,28,02,4.40
4725,4,30,2014,15,28,02,4.40
4725,4,30,2014,21,28,02,4.40
4725,5,1,2014,3,28,02,4.40
4725,5,1,2014,9,28,01,4.40
4725,5,1,2014,15,28,01,4.40
4725,5,1,2014,21,28,01,4.40
4725,5,2,2014,3,28,01,4.40
4725,5,2,2014,9,28,00,4.40
4725,5,2,2014,15,28,00,4.40
4725,5,2,2014,21,28,00,4.40
4725,5,3,2014,3,28,00,4.40
4725,5,3,2014,9,27,59,4.40
4725,5,3,2014,15,27,59,4.40
4725,5,3,2014,21,27,59,4.40
4725,5,4,2014,3,27,59,4.40
4725,5,4,2014,9,27,58,4.40
4725,5,4,2014,15,27,58,4.40
4725,5,4,2014,21,27,58,4.40
4725,5,5,2014,3,27,58,4.40
4725,5,5,2014,9,27,58,4.40
4725,5,5,2014,15,27,57,4.40
4725,5,5,2014,21,27,57,4.40
4725,5,6,2014,3,27,57,4.40
4725,5,6,2014,9,27,57,4.40
4725,5,6,2014,15,27,56,4.40
4725,5,6,2014,21,27,56,4.40
4725,5,7,2014,3,27,56,4.40
4725,5,7,2014,9,27,56,4.40
4725,5,7,2014,15,27,55,4.40
4725,5,8,2014,9,30,00,4.40
4725,5,8,2014,15,27,54,4.40
4725,5,8,2014,21,27,54,4.40
4725,5,9,2014,3,27,54,4.40
4725,5,9,2014,9,27,54,4.40
4725,5,9,2014,15,27,53,4.40
4725,5,9,2014,21,27,53,4.40
4725,5,10,2014,3,27,53,4.40
4725,5,10,2014,9,27,53,4.40
4725,5,10,2014,15,27,52,4.40
4725,5,10,2014,21,27,52,4.40
4725,5,11,2014,3,27,52,4.40
4725,5,11,2014,9,27,52,4.40
4725,5,11,2014,15,27,51,4.40
4725,5,11,2014,21,27,51,4.40
4725,5,12,2014,3,27,51,4.40
4725,5,12,2014,9,27,51,4.40
4725,5,12,2014,15,27,50,4.40
4725,5,12,2014,21,27,50,4.40
4725,5,13,2014,3,27,50,4.40
4725,5,13,2014,9,27,50,4.40
4725,5,13,2014,15,27,49,4.40
4725,5,13,2014,21,27,49,4.40
4725,5,14,2014,3,27,49,4.40
4725,5,14,2014,9,27,49,4.40
4725,5,14,2014,15,27,49,4.40
4725,5,14,2014,21,27,48,4.40
4725,5,15,2014,3,27,48,4.40
4725,5,15,2014,9,27,48,4.40
4725,5,15,2014,15,27,48,4.40
4725,5,15,2014,21,27,47,4.40
4725,5,16,2014,3,27,47,4.40
4725,5,16,2014,9,27,47,4.40
4725,5,16,2014,15,27,47,4.40
4725,5,16,2014,21,27,46,4.40
4725,5,17,2014,3,27,46,4.40
4725,5,17,2014,9,27,46,4.40
4725,5,17,2014,15,27,46,4.40
4725,5,17,2014,21,27,45,4.40
4725,5,18,2014,3,27,45,4.40
4725,5,18,2014,9,27,45,4.40
4725,5,18,2014,15,27,45,4.40
4725,5,18,2014,21,27,44,4.40
4725,5,19,2014,3,27,44,4.40
4725,5,19,2014,9,27,44,4.40
4725,5,19,2014,15,27,44,4.40
4725,5,19,2014,21,27,44,4.40
4725,5,20,2014,3,27,43,4.40
4725,5,20,2014,9,27,43,4.40
4725,5,20,2014,15,27,43,4.40
4725,5,20,2014,21,27,43,4.40
4725,5,21,2014,3,27,42,4.40
4725,5,21,2014,9,27,42,4.40
4725,5,21,2014,15,27,42,4.40
4725,5,21,2014,21,27,42,4.40
4725,5,22,2014,3,27,41,4.40
4725,5,22,2014,9,27,41,4.40
4725,5,22,2014,15,27,41,4.40
4725,5,22,2014,21,27,41,4.40
4725,5,23,2014,3,27,40,4.40
4725,5,23,2014,9,27,40,4.40
4725,5,23,2014,15,27,40,4.40
4725,5,23,2014,21,27,40,4.40
4725,5,24,2014,3,27,40,4.40
4725,5,24,2014,9,27,39,4.40
4725,5,24,2014,15,27,39,4.40
4725,5,24,2014,21,27,39,4.40
4725,5,25,2014,3,27,39,4.40
4725,5,25,2014,9,27,38,4.40
4725,5,25,2014,15,27,38,4.40
4725,5,25,2014,21,27,38,4.40
4725,5,26,2014,3,27,38,4.40
4725,5,26,2014,9,27,37,4.40
4725,5,26,2014,15,27,37,4.40
4725,5,26,2014,21,27,37,4.40
4725,5,27,2014,3,27,36,4.40
4725,5,27,2014,3,28,55,4.40
4725,5,27,2014,9,27,36,4.40
4725,5,27,2014,15,27,36,4.40
4725,5,27,2014,21,27,36,4.40
4725,5,28,2014,3,27,36,4.40
4725,5,28,2014,9,27,36,4.40
4725,5,28,2014,15,27,35,4.40
4725,5,28,2014,21,27,35,4.40
4725,5,29,2014,3,27,35,4.40
4725,5,29,2014,3,27,57,4.40
4725,5,29,2014,9,27,35,4.40
4725,5,29,2014,15,27,34,4.40
4725,5,29,2014,21,27,34,4.40
4725,5,30,2014,3,27,36,4.40
4725,5,30,2014,9,27,34,4.40
4725,5,30,2014,15,27,34,4.40
4725,5,30,2014,21,27,33,4.40
4725,5,31,2014,3,27,33,4.40
4725,5,31,2014,9,27,33,4.40
4725,5,31,2014,15,27,33,4.40
4725,5,31,2014,21,27,33,4.40
4725,6,1,2014,3,27,32,4.40
4725,6,1,2014,3,28,22,4.40
4725,6,1,2014,9,27,32,4.40
4725,6,1,2014,15,27,32,4.40
4725,6,1,2014,21,27,32,4.40
4725,6,2,2014,3,27,31,4.40
4725,6,2,2014,3,27,42,4.40
4725,6,2,2014,9,27,31,4.40
4725,6,2,2014,15,27,31,4.40
4725,6,2,2014,21,27,31,4.40
4725,6,3,2014,3,27,31,4.40
4725,6,3,2014,9,27,30,4.40
4725,6,3,2014,15,27,30,4.40
4725,6,3,2014,21,27,30,4.40
4725,6,4,2014,3,27,30,4.40
4725,6,4,2014,3,27,44,4.40
4725,6,4,2014,9,27,30,4.40
4725,6,4,2014,15,27,29,4.40
4725,6,4,2014,21,27,29,4.40
4725,6,5,2014,3,27,29,4.40
4725,6,5,2014,3,27,48,4.40
4725,6,5,2014,9,27,29,4.40
4725,6,5,2014,15,27,28,4.40
4725,6,5,2014,21,27,28,4.40
4725,6,6,2014,3,27,28,4.40
4725,6,6,2014,9,27,29,4.40
4725,6,6,2014,15,27,28,4.40
4725,6,6,2014,21,27,28,4.40
4725,6,7,2014,3,27,27,4.40
4725,6,7,2014,3,28,30,4.40
4725,6,7,2014,9,27,27,4.40
4725,6,7,2014,15,27,27,4.40
4725,6,7,2014,21,27,27,4.40
4725,6,8,2014,3,27,27,4.40
4725,6,8,2014,9,27,26,4.40
4725,6,8,2014,15,27,27,4.40
4725,6,8,2014,21,27,26,4.40
4725,6,9,2014,3,27,25,4.40
4725,6,9,2014,3,27,42,4.40
4725,6,9,2014,9,27,25,4.40
4725,6,9,2014,15,27,25,4.40
4725,6,9,2014,21,27,25,4.40
4725,6,10,2014,3,27,25,4.40
4725,6,10,2014,9,27,25,4.40
4725,6,10,2014,15,27,24,4.40
4725,6,10,2014,21,27,24,4.40
4725,6,11,2014,3,27,24,4.40
4725,6,11,2014,9,27,24,4.40
4725,6,11,2014,15,27,24,4.40
4725,6,11,2014,21,27,24,4.40
4725,6,12,2014,3,27,23,4.40
4725,6,12,2014,3,27,43,4.40
4725,6,12,2014,9,27,23,4.40
4725,6,12,2014,15,27,23,4.40
4725,6,12,2014,21,27,23,4.40
4725,6,13,2014,3,27,23,4.40
4725,6,13,2014,9,27,23,4.40
4725,6,13,2014,15,27,23,4.40
4725,6,13,2014,21,27,23,4.40
4725,6,14,2014,3,27,23,4.40
4725,6,14,2014,3,27,49,4.40
4725,6,14,2014,9,27,22,4.40
4725,6,14,2014,15,27,21,4.40
4725,6,14,2014,21,27,21,4.40
4725,6,15,2014,3,27,21,4.40
4725,6,15,2014,9,27,21,4.40
4725,6,15,2014,15,27,21,4.40
4725,6,16,2014,15,27,21,4.40
4725,6,16,2014,21,27,19,4.40
4725,6,17,2014,3,27,19,4.40
4725,6,17,2014,9,27,19,4.40
4725,6,17,2014,15,27,19,4.40
4725,6,17,2014,21,27,19,4.40
4725,6,18,2014,3,27,19,4.40
4725,6,18,2014,3,28,08,4.40
4725,6,18,2014,9,27,18,4.40
4725,6,18,2014,15,27,18,4.40
4725,6,18,2014,21,27,18,4.40
4725,6,19,2014,3,27,18,4.40
4725,6,19,2014,9,27,17,4.40
4725,6,19,2014,15,27,17,4.40
4725,6,19,2014,21,27,17,4.40
4725,6,20,2014,3,27,17,4.40
4725,6,20,2014,9,27,17,4.40
4725,6,20,2014,15,27,16,4.40
4725,6,20,2014,21,27,16,4.40
4725,6,21,2014,3,27,16,4.40
4725,6,21,2014,9,27,16,4.40
4725,6,21,2014,15,27,16,4.40
4725,6,21,2014,21,27,15,4.40
4725,6,22,2014,3,27,15,4.40
4725,6,22,2014,3,27,30,4.40
4725,6,22,2014,9,27,15,4.40
4725,6,22,2014,15,27,15,4.40
4725,6,22,2014,21,27,15,4.40
4725,6,23,2014,3,27,15,4.40
4725,6,23,2014,9,27,14,4.40
4725,6,23,2014,15,27,14,4.40
4725,6,23,2014,21,27,14,4.40
4725,6,24,2014,3,27,14,4.40
4725,6,24,2014,9,27,13,4.40
4725,6,24,2014,15,27,13,4.40
4725,6,24,2014,21,27,13,4.40
4725,6,25,2014,3,27,13,4.40
4725,6,25,2014,9,27,13,4.40
4725,6,25,2014,15,27,12,4.40
4725,6,25,2014,21,27,12,4.40
4725,6,26,2014,3,27,12,4.40
4725,6,26,2014,3,27,36,4.40
4725,6,26,2014,9,27,12,4.40
4725,6,26,2014,15,27,13,4.40
4725,6,26,2014,21,27,12,4.40
4725,6,27,2014,3,27,12,4.40
4725,6,27,2014,9,27,12,4.40
4725,6,27,2014,15,27,11,4.40
4725,6,27,2014,21,27,11,4.40
4725,6,28,2014,3,27,11,4.40
4725,6,28,2014,9,27,10,4.40
4725,6,28,2014,15,27,10,4.40
4725,6,28,2014,21,27,10,4.40
4725,6,29,2014,3,27,10,4.40
4725,6,29,2014,9,27,10,4.40
4725,6,29,2014,15,27,09,4.40
4725,6,29,2014,21,27,09,4.40
4725,6,30,2014,3,27,09,4.40
4725,6,30,2014,9,27,09,4.40
4725,6,30,2014,15,27,09,4.40
4725,6,30,2014,21,27,09,4.40
4725,7,1,2014,3,27,08,4.40
4725,7,1,2014,9,27,08,4.40
4725,7,1,2014,15,27,08,4.40
4725,7,1,2014,21,27,08,4.40
4725,7,2,2014,3,27,08,4.40
4725,7,2,2014,9,27,07,4.40
4725,7,2,2014,15,27,07,4.40
4725,7,2,2014,21,27,07,4.40
4725,7,3,2014,3,27,08,4.40
4725,7,3,2014,3,27,35,4.40
4725,7,3,2014,9,27,07,4.40
4725,7,3,2014,15,27,07,4.40
4725,7,3,2014,21,27,06,4.40
4725,7,4,2014,3,27,06,4.40
4725,7,4,2014,9,27,06,4.40
4725,7,4,2014,15,27,06,4.40
4725,7,4,2014,21,27,06,4.40
4725,7,5,2014,1,30,37,4.44
4725,7,5,2014,3,27,06,4.44
4725,7,5,2014,9,27,05,4.44
4725,7,5,2014,15,27,05,4.44
4725,7,5,2014,21,27,05,4.44
4725,7,6,2014,3,27,09,4.44
4725,7,6,2014,9,27,05,4.44
4725,7,6,2014,15,27,04,4.44
4725,7,6,2014,21,27,04,4.44
4725,7,7,2014,3,27,04,4.44
4725,7,7,2014,9,27,04,4.44
4725,7,7,2014,15,27,04,4.44
4725,7,7,2014,21,27,04,4.44
4725,7,8,2014,3,27,04,4.44
4725,7,8,2014,9,27,03,4.44
4725,7,8,2014,15,27,03,4.44
4725,7,8,2014,21,27,03,4.44
4725,7,8,2014,23,23,57,4.48
4725,7,9,2014,3,27,03,4.48
4725,7,9,2014,9,27,03,4.48
4725,7,9,2014,15,27,02,4.48
4725,7,9,2014,21,27,02,4.48
4725,7,10,2014,3,27,02,4.48
4725,7,10,2014,9,27,02,4.48
4725,7,10,2014,15,27,02,4.48
4725,7,10,2014,21,27,02,4.48
4725,7,11,2014,3,27,01,4.48
4725,7,11,2014,9,27,02,4.48
4725,7,11,2014,15,27,01,4.48
4725,7,11,2014,21,27,01,4.48
4725,7,12,2014,3,27,01,4.48
4725,7,12,2014,9,27,00,4.48
4725,7,12,2014,15,27,00,4.48
4725,7,12,2014,21,27,00,4.48
4725,7,13,2014,3,27,00,4.48
4725,7,13,2014,9,27,00,4.48
4725,7,13,2014,15,27,00,4.48
4725,7,13,2014,16,41,51,4.52
4725,7,13,2014,21,26,59,4.52
4725,7,14,2014,3,26,59,4.52
4725,7,14,2014,3,27,29,4.52
4725,7,14,2014,9,26,59,4.52
4725,7,14,2014,15,26,59,4.52
4725,7,14,2014,21,26,58,4.52
4725,7,15,2014,3,26,59,4.52
4725,7,15,2014,3,27,27,4.52
4725,7,15,2014,9,26,58,4.52
4725,7,15,2014,15,26,58,4.52
4725,7,15,2014,21,26,58,4.52
4725,7,16,2014,3,26,58,4.52
4725,7,16,2014,9,26,57,4.52
4725,7,16,2014,15,26,57,4.52
4725,7,16,2014,21,26,57,4.52
4725,7,17,2014,3,26,57,4.52
4725,7,17,2014,9,26,57,4.52
4725,7,17,2014,15,26,57,4.52
4725,7,17,2014,21,26,56,4.52
4725,7,18,2014,3,26,56,4.52
4725,7,18,2014,9,26,56,4.52
4725,7,18,2014,15,26,56,4.52
4725,7,18,2014,21,26,56,4.52
4725,7,19,2014,3,26,55,4.52
4725,7,19,2014,9,26,55,4.52
4725,7,19,2014,15,26,55,4.52
4725,7,19,2014,21,26,55,4.52
4725,7,20,2014,3,26,55,4.52
4725,7,20,2014,9,26,55,4.52
4725,7,20,2014,21,26,54,4.52
4725,7,21,2014,3,26,54,4.52
4725,7,21,2014,9,26,54,4.52
4725,7,21,2014,15,26,54,4.52
4725,7,21,2014,21,26,54,4.52
4725,7,22,2014,3,26,53,4.52
4725,7,22,2014,9,26,53,4.52
4725,7,22,2014,15,26,53,4.52
4725,7,22,2014,21,26,53,4.52
4725,7,23,2014,3,26,53,4.52
4725,7,23,2014,9,26,52,4.52
4725,7,23,2014,15,26,52,4.52
4725,7,23,2014,21,26,52,4.52
4725,7,24,2014,3,26,52,4.52
4725,7,24,2014,9,26,52,4.52
4725,7,24,2014,15,26,52,4.52
4725,7,24,2014,21,26,52,4.52
4725,7,25,2014,3,26,52,4.52
4725,7,25,2014,9,26,51,4.52
4725,7,25,2014,15,26,51,4.52
4725,7,25,2014,21,26,51,4.52
4725,7,26,2014,3,26,51,4.52
4725,7,26,2014,9,26,51,4.52
4725,7,26,2014,15,26,51,4.52
4725,7,26,2014,21,26,50,4.52
4725,7,27,2014,3,26,50,4.52
4725,7,27,2014,3,27,29,4.52
4725,7,27,2014,9,26,50,4.52
4725,7,27,2014,15,26,50,4.52
4725,7,27,2014,21,26,50,4.52
4725,7,28,2014,3,26,50,4.52
4725,7,28,2014,9,26,49,4.52
4725,7,28,2014,15,26,49,4.52
4725,7,28,2014,21,26,49,4.52
4725,7,29,2014,3,26,49,4.52
4725,7,29,2014,9,26,49,4.52
4725,7,29,2014,15,26,49,4.52
4725,7,29,2014,21,26,48,4.52
4725,7,30,2014,3,26,48,4.52
4725,7,30,2014,9,26,48,4.52
4725,7,30,2014,15,26,48,4.52
4725,7,30,2014,21,26,48,4.52
4725,7,31,2014,3,26,48,4.52
4725,8,1,2014,3,26,48,4.52
4725,8,1,2014,9,26,48,4.52
4725,8,1,2014,15,26,47,4.52
4725,8,1,2014,20,45,21,4.56
4725,8,1,2014,20,51,30,4.60
4725,8,1,2014,21,26,48,4.60
4725,8,2,2014,3,26,46,4.60
4725,8,2,2014,9,26,46,4.60
4725,8,2,2014,15,26,46,4.60
4725,8,2,2014,21,26,46,4.60
4725,8,3,2014,3,26,45,4.60
4725,8,3,2014,9,26,45,4.60
4725,8,3,2014,15,26,45,4.60
4725,8,3,2014,18,04,38,4.64
4725,8,3,2014,21,26,45,4.64
4725,8,4,2014,3,26,46,4.64
4725,8,4,2014,9,26,44,4.64
4725,8,4,2014,15,26,44,4.64
4725,8,4,2014,21,26,44,4.64
4725,8,5,2014,3,26,44,4.64
4725,8,5,2014,9,26,44,4.64
4725,8,5,2014,15,26,43,4.64
4725,8,5,2014,15,26,50,4.64
4725,8,5,2014,21,26,43,4.64
4725,8,6,2014,3,26,43,4.64
4725,8,6,2014,9,26,43,4.64
4725,8,6,2014,15,26,43,4.64
4725,8,6,2014,21,26,42,4.64
4725,8,7,2014,3,26,42,4.64
4725,8,7,2014,9,26,42,4.64
4725,8,7,2014,15,26,42,4.64
4725,8,7,2014,21,26,42,4.64
4725,8,8,2014,3,26,41,4.64
4725,8,8,2014,9,26,41,4.64
4725,8,8,2014,15,26,41,4.64
4725,8,8,2014,21,26,41,4.64
4725,8,9,2014,3,26,41,4.64
4725,8,9,2014,9,26,40,4.64
4725,8,9,2014,15,26,40,4.64
4725,8,9,2014,21,26,40,4.64
4725,8,10,2014,3,26,40,4.64
4725,8,10,2014,9,26,40,4.64
4725,8,10,2014,15,26,40,4.64
4725,8,10,2014,21,26,39,4.64
4725,8,11,2014,3,26,42,4.64
4725,8,11,2014,9,26,39,4.64
4725,8,11,2014,15,26,39,4.64
4725,8,11,2014,21,26,39,4.64
4725,8,12,2014,3,26,39,4.64
4725,8,12,2014,9,26,38,4.64
4725,8,12,2014,15,26,38,4.64
4725,8,12,2014,17,09,29,4.68
4725,8,12,2014,17,12,13,4.72
4725,8,12,2014,21,26,38,4.72
4725,8,13,2014,3,26,38,4.72
4725,8,13,2014,9,26,38,4.72
4725,8,13,2014,15,26,37,4.72
4725,8,13,2014,21,26,37,4.72
4725,8,14,2014,3,26,37,4.72
4725,8,14,2014,9,26,37,4.72
4725,8,14,2014,15,26,36,4.72
4725,8,14,2014,21,26,36,4.72
4725,8,15,2014,3,26,36,4.72
4725,8,15,2014,9,26,36,4.72
4725,8,15,2014,15,26,36,4.72
4725,8,15,2014,21,26,35,4.72
4725,8,16,2014,3,26,35,4.72
4725,8,16,2014,9,26,35,4.72
4725,8,16,2014,15,26,35,4.72
4725,8,16,2014,21,26,35,4.72
4725,8,17,2014,3,26,34,4.72
4725,8,17,2014,3,27,33,4.72
4725,8,17,2014,9,26,34,4.72
4725,8,17,2014,15,26,34,4.72
4725,8,17,2014,21,26,34,4.72
4725,8,18,2014,3,26,33,4.72
4725,8,18,2014,9,26,34,4.72
4725,8,18,2014,15,26,34,4.72
4725,8,18,2014,21,26,33,4.72
4725,8,19,2014,3,26,33,4.72
4725,8,19,2014,7,23,42,4.76
4725,8,19,2014,7,33,11,4.80
4725,8,19,2014,9,26,33,4.80
4725,8,19,2014,12,38,10,4.84
4725,8,19,2014,12,45,43,4.88
4725,8,19,2014,12,46,50,4.92
4725,8,19,2014,12,47,29,4.96
4725,8,19,2014,12,48,21,4.99
4725,8,19,2014,12,49,30,5.03
4725,8,19,2014,15,26,33,5.07
4725,8,19,2014,21,26,32,5.07
4725,8,20,2014,3,26,34,5.07
4725,8,20,2014,9,26,32,5.07
4725,8,20,2014,15,26,32,5.07
4725,8,20,2014,21,26,31,5.07
4725,8,21,2014,3,26,31,5.07
4725,8,21,2014,9,26,31,5.07
4725,8,21,2014,15,26,31,5.07
4725,8,21,2014,21,16,37,5.15
4725,8,21,2014,21,21,20,5.19
4725,8,21,2014,21,26,31,5.19
4725,8,21,2014,21,27,31,5.23
4725,8,21,2014,21,42,54,5.27
4725,8,21,2014,22,25,11,5.31
4725,8,22,2014,3,26,30,5.31
4725,8,22,2014,9,26,30,5.31
4725,8,22,2014,15,26,30,5.31
4725,8,22,2014,21,26,29,5.31
4725,8,23,2014,3,26,29,5.31
4725,8,23,2014,9,26,29,5.31
4725,8,23,2014,15,26,29,5.31
4725,8,23,2014,21,26,29,5.31
4725,8,24,2014,3,26,28,5.31
4725,8,24,2014,9,26,28,5.31
4725,8,24,2014,15,26,28,5.31
4725,8,24,2014,21,26,28,5.31
4725,8,25,2014,3,26,28,5.31
4725,8,25,2014,9,26,27,5.31
4725,8,25,2014,15,26,27,5.31
4725,8,25,2014,21,26,27,5.31
4725,8,26,2014,3,26,27,5.31
4725,8,26,2014,9,26,27,5.31
4725,8,26,2014,15,26,26,5.31
4725,8,26,2014,21,26,26,5.31
4725,8,27,2014,3,26,26,5.31
4725,8,27,2014,9,26,26,5.31
4725,8,27,2014,15,26,25,5.31
4725,8,27,2014,21,26,25,5.31
4725,8,28,2014,3,26,25,5.31
4725,8,28,2014,9,26,25,5.31
4725,8,28,2014,15,26,24,5.31
4725,8,28,2014,21,26,25,5.31
4725,8,29,2014,3,26,24,5.31
4725,8,29,2014,9,26,24,5.31
4725,8,29,2014,15,26,24,5.31
4725,8,29,2014,21,26,23,5.31
4725,8,30,2014,9,26,23,5.31
4725,8,30,2014,15,26,23,5.31
4725,8,30,2014,21,26,23,5.31
4725,8,31,2014,3,26,23,5.31
4725,8,31,2014,9,26,23,5.31
4725,8,31,2014,15,26,22,5.31
4725,8,31,2014,21,26,22,5.31
4725,9,1,2014,3,26,22,5.31
4725,9,1,2014,9,26,22,5.31
4725,9,1,2014,15,26,22,5.31
4725,9,1,2014,21,26,21,5.31
4725,9,2,2014,3,26,21,5.31
4725,9,2,2014,9,26,21,5.31
4725,9,2,2014,15,26,21,5.31
4725,9,2,2014,21,26,20,5.31
4725,9,3,2014,3,26,20,5.31
4725,9,3,2014,9,26,20,5.31
4725,9,3,2014,15,26,20,5.31
4725,9,3,2014,21,26,20,5.31
4725,9,4,2014,3,26,20,5.31
4725,9,4,2014,9,26,19,5.31
4725,9,4,2014,15,26,19,5.31
4725,9,4,2014,21,26,19,5.31
4725,9,5,2014,3,26,19,5.31
4725,9,5,2014,9,26,19,5.31
4725,9,5,2014,15,26,18,5.31
4725,9,5,2014,21,26,18,5.31
4725,9,6,2014,3,26,18,5.31
4725,9,6,2014,9,26,18,5.31
4725,9,6,2014,15,26,18,5.31
4725,9,6,2014,21,26,18,5.31
4725,9,7,2014,3,26,17,5.31
4725,9,7,2014,9,26,17,5.31
4725,9,7,2014,15,26,17,5.31
4725,9,7,2014,21,26,17,5.31
4725,9,8,2014,0,56,40,5.35
4725,9,8,2014,1,20,51,5.39
4725,9,8,2014,2,27,20,5.43
4725,9,8,2014,2,27,43,5.43
4725,9,8,2014,2,27,54,5.47
4725,9,8,2014,2,28,22,5.51
4725,9,8,2014,2,28,59,5.55
4725,9,8,2014,2,29,27,5.59
4725,9,8,2014,2,30,03,5.62
4725,9,8,2014,2,30,55,5.66
4725,9,8,2014,2,31,36,5.74
4725,9,8,2014,2,32,05,5.74
4725,9,8,2014,2,32,55,5.82
4725,9,8,2014,2,33,58,5.86
4725,9,8,2014,2,44,56,6.29
4725,9,8,2014,2,54,56,6.69
4725,9,8,2014,3,26,17,6.96
4725,9,8,2014,3,54,56,7.16
4725,9,8,2014,4,54,56,7.55
4725,9,8,2014,6,54,56,7.87
4725,9,8,2014,7,54,56,8.18
4725,9,8,2014,8,54,56,8.38
4725,9,8,2014,9,54,56,8.62
4725,9,8,2014,10,14,46,8.66
4725,9,8,2014,15,26,16,8.66
4725,9,8,2014,21,26,15,8.66
4725,9,9,2014,3,26,16,8.66
4725,9,9,2014,9,26,15,8.66
4725,9,9,2014,15,26,15,8.66
4725,9,9,2014,21,26,15,8.66
4725,9,10,2014,3,26,15,8.66
4725,9,10,2014,9,26,15,8.66
4725,9,10,2014,15,26,14,8.66
4725,9,10,2014,21,26,14,8.66
4725,9,11,2014,3,26,14,8.66
4725,9,11,2014,9,26,13,8.66
4725,9,11,2014,15,26,13,8.66
4725,9,11,2014,21,26,13,8.66
4725,9,12,2014,3,26,13,8.66
4725,9,12,2014,9,26,13,8.66
4725,9,12,2014,15,26,12,8.66
4725,9,12,2014,21,26,12,8.66
4725,9,13,2014,3,26,12,8.66
4725,9,13,2014,9,26,12,8.66
4725,9,13,2014,15,26,12,8.66
4725,9,13,2014,21,26,12,8.66
4725,9,14,2014,3,26,12,8.66
4725,9,14,2014,9,26,12,8.66
4725,9,14,2014,15,26,13,8.66
4725,9,14,2014,21,26,12,8.66
4725,9,15,2014,3,26,12,8.66
4725,9,15,2014,9,26,12,8.66
4725,9,15,2014,15,26,10,8.66
4725,9,15,2014,21,26,10,8.66
4725,9,16,2014,3,26,09,8.66
4725,9,16,2014,7,46,48,8.70
4725,9,16,2014,7,48,57,8.74
4725,9,16,2014,7,52,46,8.77
4725,9,16,2014,9,26,09,8.77
4725,9,16,2014,15,26,09,8.77
4725,9,16,2014,21,26,08,8.77
4725,9,17,2014,3,26,08,8.77
4725,9,17,2014,9,26,08,8.77
4725,9,17,2014,11,55,37,8.81
4725,9,17,2014,11,56,09,8.85
4725,9,17,2014,11,57,13,8.89
4725,9,17,2014,11,58,07,8.93
4725,9,17,2014,11,59,07,8.97
4725,9,17,2014,12,04,07,9.01
4725,9,17,2014,12,10,03,9.05
4725,9,17,2014,12,34,36,9.09
4725,9,17,2014,13,08,01,9.13
4725,9,17,2014,15,26,08,9.13
4725,9,17,2014,21,26,08,9.13
4725,9,18,2014,3,26,07,9.13
4725,9,18,2014,3,26,37,9.13
4725,9,18,2014,9,26,07,9.13
4725,9,18,2014,15,26,07,9.13
4725,9,18,2014,21,26,07,9.13
4725,9,19,2014,3,26,07,9.13
4725,9,19,2014,9,26,06,9.13
4725,9,19,2014,15,26,06,9.13
4725,9,19,2014,21,26,06,9.13
4725,9,20,2014,3,26,06,9.13
4725,9,20,2014,9,26,05,9.13
4725,9,20,2014,15,26,05,9.13
4725,9,20,2014,21,26,05,9.13
4725,9,21,2014,3,26,05,9.13
4725,9,21,2014,9,26,04,9.13
4725,9,21,2014,15,26,04,9.13
4725,9,21,2014,21,26,04,9.13
4725,9,22,2014,3,26,04,9.13
4725,9,22,2014,9,26,04,9.13
4725,9,22,2014,15,26,03,9.13
4725,9,22,2014,21,26,04,9.13
4725,9,23,2014,3,26,03,9.13
4725,9,23,2014,9,26,03,9.13
4725,9,23,2014,15,26,02,9.13
4725,9,23,2014,21,26,03,9.13
4725,9,24,2014,3,26,03,9.13
4725,9,24,2014,14,13,43,9.13
4725,9,25,2014,8,21,51,9.13
4725,9,25,2014,14,21,53,9.13
4725,9,25,2014,20,21,52,9.13
4725,9,26,2014,2,21,52,9.13
4725,9,26,2014,8,21,52,9.13
4725,9,26,2014,14,21,52,9.13
4725,9,26,2014,20,21,51,9.13
4725,9,27,2014,2,21,51,9.13
4725,9,27,2014,3,53,02,9.17
4725,9,27,2014,3,55,47,9.21
4725,9,27,2014,3,58,26,9.25
4725,9,27,2014,3,59,02,9.25
4725,9,27,2014,4,01,12,9.29
4725,9,27,2014,4,05,10,9.33
4725,9,27,2014,4,05,28,9.33
4725,9,27,2014,4,16,26,9.37
4725,9,27,2014,8,21,51,9.37
4725,9,27,2014,14,31,57,9.40
4725,9,27,2014,14,33,33,9.48
4725,9,27,2014,14,34,22,9.52
4725,9,27,2014,14,35,01,9.56
4725,9,27,2014,14,35,42,9.60
4725,9,27,2014,14,36,22,9.64
4725,9,27,2014,14,37,27,9.68
4725,9,27,2014,14,39,19,9.72
4725,9,27,2014,14,40,19,9.76
4725,9,27,2014,14,40,50,9.80
4725,9,27,2014,14,41,31,9.88
4725,9,27,2014,14,42,29,9.92
4725,9,27,2014,14,43,29,9.96
4725,9,27,2014,14,44,26,10.03
4725,9,27,2014,14,44,50,10.03
4725,9,27,2014,14,45,50,10.07
4725,9,27,2014,14,47,19,10.11
4725,9,27,2014,14,53,19,10.15
4725,9,27,2014,14,56,19,10.19
4725,9,27,2014,14,59,20,10.23
4725,9,27,2014,15,00,19,10.27
4725,9,27,2014,15,03,19,10.31
4725,9,27,2014,15,09,17,10.35
4725,9,27,2014,15,12,35,10.39
4725,9,27,2014,15,31,59,10.47
4725,9,27,2014,15,33,44,10.51
4725,9,27,2014,15,36,52,10.55
4725,9,27,2014,15,42,13,10.62
4725,9,27,2014,15,43,17,10.66
4725,9,27,2014,15,45,57,10.74
4725,9,27,2014,15,47,27,10.78
4725,9,27,2014,16,03,22,10.82
4725,9,27,2014,16,07,57,10.86
4725,9,27,2014,16,09,39,10.90
4725,9,27,2014,16,13,07,10.94
4725,9,27,2014,16,50,51,10.98
4725,9,27,2014,20,21,51,10.98
4725,9,27,2014,20,51,24,11.02
4725,9,28,2014,2,21,50,11.02
4725,9,28,2014,3,58,40,11.06
4725,9,28,2014,3,59,02,11.06
4725,9,28,2014,8,21,50,11.06
4725,9,28,2014,14,21,50,11.06
4725,9,28,2014,20,21,50,11.06
4725,9,29,2014,2,21,49,11.06
4725,9,29,2014,8,21,49,11.06
4725,9,29,2014,14,21,49,11.06
4725,9,29,2014,20,21,49,11.06
4725,9,30,2014,2,21,48,11.06
4725,9,30,2014,8,21,48,11.06
4725,9,30,2014,14,21,48,11.06
4725,9,30,2014,20,21,48,11.06
