5045,10,1,2012,22,50,23,0.00
5045,10,2,2012,4,50,23,0.00
5045,10,2,2012,10,50,24,0.00
5045,10,2,2012,16,41,42,0.00
5045,10,2,2012,16,50,24,0.00
5045,10,2,2012,22,50,24,0.00
5045,10,3,2012,4,50,24,0.00
5045,10,3,2012,16,50,24,0.00
5045,10,3,2012,22,50,26,0.00
5045,10,4,2012,4,50,25,0.00
5045,10,4,2012,10,50,25,0.00
5045,10,4,2012,16,50,25,0.00
5045,10,4,2012,22,50,41,0.00
5045,10,5,2012,4,50,41,0.00
5045,10,5,2012,10,50,41,0.00
5045,10,5,2012,16,50,41,0.00
5045,10,5,2012,22,50,41,0.00
5045,10,6,2012,4,50,41,0.00
5045,10,6,2012,10,50,41,0.00
5045,10,6,2012,16,50,41,0.00
5045,10,6,2012,22,50,41,0.00
5045,10,7,2012,4,50,41,0.00
5045,10,7,2012,10,50,41,0.00
5045,10,7,2012,16,50,41,0.00
5045,10,7,2012,22,50,41,0.00
5045,10,8,2012,4,50,41,0.00
5045,10,8,2012,10,50,41,0.00
5045,10,8,2012,16,50,41,0.00
5045,10,8,2012,22,50,41,0.00
5045,10,9,2012,4,41,41,0.00
5045,10,9,2012,4,50,41,0.00
5045,10,9,2012,10,50,41,0.00
5045,10,9,2012,16,50,41,0.00
5045,10,9,2012,22,50,41,0.00
5045,10,10,2012,4,50,41,0.00
5045,10,10,2012,10,50,41,0.00
5045,10,10,2012,16,50,41,0.00
5045,10,10,2012,22,50,41,0.00
5045,10,11,2012,4,50,41,0.00
5045,10,11,2012,10,50,41,0.00
5045,10,11,2012,16,50,41,0.00
5045,10,11,2012,22,50,41,0.00
5045,10,12,2012,4,50,41,0.00
5045,10,12,2012,10,50,41,0.00
5045,10,12,2012,16,50,41,0.00
5045,10,12,2012,22,50,41,0.00
5045,10,13,2012,4,50,41,0.00
5045,10,13,2012,10,50,41,0.00
5045,10,13,2012,16,50,42,0.00
5045,10,13,2012,22,50,41,0.00
5045,10,14,2012,4,50,41,0.00
5045,10,14,2012,10,50,41,0.00
5045,10,14,2012,16,50,41,0.00
5045,10,14,2012,22,50,41,0.00
5045,10,15,2012,4,50,41,0.00
5045,10,15,2012,10,50,41,0.00
5045,10,15,2012,16,50,41,0.00
5045,10,15,2012,22,50,41,0.00
5045,10,16,2012,4,50,41,0.00
5045,10,16,2012,10,50,41,0.00
5045,10,16,2012,16,50,41,0.00
5045,10,16,2012,22,50,41,0.00
5045,10,17,2012,4,50,41,0.00
5045,10,17,2012,10,50,41,0.00
5045,10,17,2012,16,50,41,0.00
5045,10,17,2012,22,50,41,0.00
5045,10,18,2012,4,50,41,0.00
5045,10,18,2012,10,50,41,0.00
5045,10,18,2012,16,50,41,0.00
5045,10,18,2012,22,50,41,0.00
5045,10,19,2012,4,50,41,0.00
5045,10,19,2012,10,50,40,0.00
5045,10,19,2012,16,50,39,0.00
5045,10,19,2012,22,50,38,0.00
5045,10,20,2012,4,50,37,0.00
5045,10,20,2012,10,50,36,0.00
5045,10,20,2012,16,50,35,0.00
5045,10,20,2012,22,50,34,0.00
5045,10,21,2012,4,50,33,0.00
5045,10,21,2012,10,50,32,0.00
5045,10,21,2012,22,50,30,0.00
5045,10,22,2012,4,50,29,0.00
5045,10,22,2012,10,50,28,0.00
5045,10,22,2012,16,50,27,0.00
5045,10,22,2012,22,50,26,0.00
5045,10,23,2012,4,50,25,0.00
5045,10,23,2012,10,50,24,0.00
5045,10,23,2012,16,50,23,0.00
5045,10,23,2012,22,50,22,0.00
5045,10,24,2012,4,50,21,0.00
5045,10,24,2012,10,50,20,0.00
5045,10,24,2012,16,50,19,0.00
5045,10,24,2012,22,50,18,0.00
5045,10,25,2012,4,50,17,0.00
5045,10,25,2012,10,50,16,0.00
5045,10,25,2012,16,50,15,0.00
5045,10,25,2012,22,50,14,0.00
5045,10,26,2012,4,50,13,0.00
5045,10,26,2012,10,50,12,0.00
5045,10,26,2012,16,50,11,0.00
5045,10,26,2012,22,50,09,0.00
5045,10,27,2012,4,50,08,0.00
5045,10,27,2012,10,50,08,0.00
5045,10,27,2012,16,50,07,0.00
5045,10,27,2012,22,50,06,0.00
5045,10,28,2012,4,50,06,0.00
5045,10,28,2012,10,50,04,0.00
5045,10,28,2012,16,50,03,0.00
5045,10,28,2012,22,50,01,0.00
5045,10,29,2012,4,50,01,0.00
5045,10,29,2012,10,50,00,0.00
5045,10,29,2012,16,49,59,0.00
5045,10,29,2012,22,49,59,0.00
5045,10,30,2012,4,49,58,0.00
5045,10,30,2012,10,49,55,0.00
5045,10,30,2012,16,49,54,0.00
5045,10,30,2012,22,49,54,0.00
5045,10,31,2012,4,49,53,0.00
5045,10,31,2012,10,49,52,0.00
5045,10,31,2012,16,49,52,0.00
5045,10,31,2012,22,49,50,0.00
5045,11,1,2012,4,49,49,0.00
5045,11,1,2012,10,49,48,0.00
5045,11,1,2012,16,49,48,0.00
5045,11,2,2012,4,49,46,0.00
5045,11,2,2012,10,49,45,0.00
5045,11,2,2012,16,49,44,0.00
5045,11,2,2012,22,49,43,0.00
5045,11,3,2012,4,49,42,0.00
5045,11,3,2012,10,49,42,0.00
5045,11,3,2012,16,49,41,0.00
5045,11,3,2012,22,49,40,0.00
5045,11,4,2012,4,49,39,0.00
5045,11,4,2012,10,49,38,0.00
5045,11,4,2012,16,49,37,0.00
5045,11,4,2012,22,49,36,0.00
5045,11,5,2012,4,49,36,0.00
5045,11,5,2012,10,49,35,0.00
5045,11,5,2012,16,49,34,0.00
5045,11,5,2012,22,49,33,0.00
5045,11,6,2012,4,49,32,0.00
5045,11,6,2012,10,49,48,0.00
5045,11,6,2012,16,49,46,0.00
5045,11,6,2012,22,51,00,0.00
5045,11,7,2012,4,51,00,0.00
5045,11,7,2012,10,51,00,0.00
5045,11,7,2012,16,51,00,0.00
5045,11,7,2012,22,50,45,0.00
5045,11,8,2012,4,51,00,0.00
5045,11,8,2012,10,51,00,0.00
5045,11,8,2012,16,51,00,0.00
5045,11,8,2012,22,51,00,0.00
5045,11,9,2012,4,51,00,0.00
5045,11,9,2012,10,51,00,0.00
5045,11,9,2012,16,51,00,0.00
5045,11,9,2012,22,51,00,0.00
5045,11,10,2012,4,51,00,0.00
5045,11,10,2012,10,51,00,0.00
5045,11,10,2012,16,51,00,0.00
5045,11,10,2012,22,51,00,0.00
5045,11,11,2012,4,51,00,0.00
5045,11,11,2012,10,50,59,0.00
5045,11,11,2012,16,50,59,0.00
5045,11,11,2012,22,50,59,0.00
5045,11,12,2012,4,51,00,0.00
5045,11,12,2012,10,50,59,0.00
5045,11,12,2012,16,51,00,0.00
5045,11,12,2012,22,50,59,0.00
5045,11,13,2012,4,50,59,0.00
5045,11,13,2012,10,51,00,0.00
5045,11,13,2012,16,50,59,0.00
5045,11,13,2012,22,50,59,0.00
5045,11,14,2012,4,50,59,0.00
5045,11,14,2012,10,50,59,0.00
5045,11,14,2012,16,50,59,0.00
5045,11,14,2012,22,50,59,0.00
5045,11,15,2012,4,50,59,0.00
5045,11,15,2012,10,50,59,0.00
5045,11,15,2012,16,50,59,0.00
5045,11,15,2012,22,50,59,0.00
5045,11,16,2012,4,50,59,0.00
5045,11,16,2012,10,50,59,0.00
5045,11,16,2012,16,50,59,0.00
5045,11,16,2012,22,50,59,0.00
5045,11,17,2012,4,50,59,0.00
5045,11,17,2012,10,50,59,0.00
5045,11,17,2012,16,50,59,0.00
5045,11,17,2012,22,50,59,0.00
5045,11,18,2012,4,50,59,0.00
5045,11,18,2012,10,50,59,0.00
5045,11,18,2012,16,50,59,0.00
5045,11,18,2012,22,50,59,0.00
5045,11,19,2012,4,50,59,0.00
5045,11,19,2012,10,50,59,0.00
5045,11,19,2012,16,50,59,0.00
5045,11,19,2012,22,50,59,0.00
5045,11,20,2012,4,50,59,0.00
5045,11,20,2012,10,50,58,0.00
5045,11,20,2012,16,50,58,0.00
5045,11,20,2012,22,50,58,0.00
5045,11,21,2012,4,50,58,0.00
5045,11,21,2012,10,50,58,0.00
5045,11,21,2012,16,50,58,0.00
5045,11,21,2012,22,50,59,0.00
5045,11,22,2012,4,50,58,0.00
5045,11,22,2012,10,50,58,0.00
5045,11,22,2012,16,50,58,0.00
5045,11,22,2012,22,50,58,0.00
5045,11,23,2012,4,50,58,0.00
5045,11,23,2012,10,50,58,0.00
5045,11,23,2012,16,50,58,0.00
5045,11,23,2012,22,50,58,0.00
5045,11,24,2012,4,50,58,0.00
5045,11,24,2012,10,50,58,0.00
5045,11,24,2012,16,50,58,0.00
5045,11,24,2012,22,50,58,0.00
5045,11,25,2012,4,50,58,0.00
5045,11,25,2012,10,50,58,0.00
5045,11,25,2012,16,50,59,0.00
5045,11,25,2012,22,50,58,0.00
5045,11,26,2012,4,50,58,0.00
5045,11,26,2012,10,50,59,0.00
5045,11,26,2012,16,50,59,0.00
5045,11,26,2012,22,50,58,0.00
5045,11,27,2012,4,50,58,0.00
5045,11,27,2012,10,51,01,0.00
5045,11,27,2012,16,51,02,0.00
5045,11,27,2012,22,51,01,0.00
5045,11,28,2012,4,51,01,0.00
5045,11,28,2012,10,51,01,0.00
5045,11,28,2012,16,51,01,0.00
5045,11,28,2012,22,51,01,0.00
5045,11,29,2012,4,51,01,0.00
5045,11,29,2012,10,51,01,0.00
5045,11,29,2012,16,51,01,0.00
5045,11,29,2012,22,51,01,0.00
5045,11,30,2012,4,51,01,0.00
5045,11,30,2012,10,51,01,0.00
5045,11,30,2012,16,51,02,0.00
5045,11,30,2012,22,51,02,0.00
5045,12,1,2012,4,51,02,0.00
5045,12,1,2012,10,51,01,0.00
5045,12,1,2012,16,51,01,0.00
5045,12,1,2012,22,51,01,0.00
5045,12,2,2012,4,51,01,0.00
5045,12,2,2012,10,51,02,0.00
5045,12,2,2012,16,51,02,0.00
5045,12,3,2012,4,51,01,0.00
5045,12,3,2012,10,51,01,0.00
5045,12,3,2012,16,51,01,0.00
5045,12,3,2012,22,51,01,0.00
5045,12,4,2012,10,51,02,0.00
5045,12,4,2012,16,51,02,0.00
5045,12,5,2012,4,51,02,0.00
5045,12,5,2012,16,51,02,0.00
5045,12,5,2012,22,51,03,0.00
5045,12,6,2012,4,51,03,0.00
5045,12,6,2012,10,51,03,0.00
5045,12,6,2012,16,51,03,0.00
5045,12,7,2012,10,51,04,0.00
5045,12,7,2012,16,51,04,0.00
5045,12,8,2012,4,51,04,0.00
5045,12,8,2012,10,51,04,0.00
5045,12,8,2012,16,51,21,0.00
5045,12,8,2012,22,51,21,0.00
5045,12,9,2012,4,51,20,0.00
5045,12,9,2012,10,51,20,0.00
5045,12,9,2012,22,51,20,0.00
5045,12,10,2012,4,51,21,0.00
5045,12,10,2012,10,51,21,0.00
5045,12,10,2012,16,51,21,0.00
5045,12,10,2012,22,51,20,0.00
5045,12,11,2012,10,51,21,0.00
5045,12,11,2012,16,51,20,0.00
5045,12,11,2012,22,51,20,0.00
5045,12,12,2012,4,51,21,0.00
5045,12,12,2012,10,51,21,0.00
5045,12,12,2012,16,51,20,0.00
5045,12,12,2012,22,51,20,0.00
5045,12,13,2012,4,51,21,0.00
5045,12,13,2012,10,51,20,0.00
5045,12,13,2012,16,51,19,0.00
5045,12,13,2012,22,51,18,0.00
5045,12,13,2012,23,28,18,0.03
5045,12,13,2012,23,35,37,0.07
5045,12,13,2012,23,42,18,0.11
5045,12,13,2012,23,48,57,0.15
5045,12,14,2012,0,00,57,0.19
5045,12,14,2012,10,51,16,0.19
5045,12,14,2012,16,51,14,0.19
5045,12,14,2012,22,12,53,0.23
5045,12,14,2012,22,51,13,0.23
5045,12,15,2012,4,51,11,0.23
5045,12,15,2012,10,46,30,0.27
5045,12,15,2012,10,51,10,0.27
5045,12,15,2012,22,51,07,0.27
5045,12,16,2012,4,51,06,0.27
5045,12,16,2012,10,51,04,0.27
5045,12,16,2012,16,51,03,0.27
5045,12,16,2012,22,51,02,0.27
5045,12,17,2012,4,51,00,0.27
5045,12,17,2012,10,50,59,0.27
5045,12,17,2012,16,50,58,0.27
5045,12,17,2012,22,50,56,0.27
5045,12,18,2012,4,50,55,0.27
5045,12,18,2012,10,50,54,0.27
5045,12,18,2012,16,50,52,0.27
5045,12,18,2012,22,50,52,0.27
5045,12,19,2012,4,50,50,0.27
5045,12,19,2012,10,50,48,0.27
5045,12,19,2012,16,50,47,0.27
5045,12,19,2012,22,50,46,0.27
5045,12,20,2012,4,50,44,0.27
5045,12,20,2012,16,50,42,0.27
5045,12,20,2012,22,50,41,0.27
5045,12,21,2012,4,50,39,0.27
5045,12,21,2012,10,50,38,0.27
5045,12,21,2012,16,50,36,0.27
5045,12,21,2012,22,50,35,0.27
5045,12,22,2012,4,50,34,0.27
5045,12,22,2012,10,50,34,0.27
5045,12,22,2012,16,50,32,0.27
5045,12,22,2012,22,50,31,0.27
5045,12,23,2012,4,50,29,0.27
5045,12,23,2012,10,50,28,0.27
5045,12,23,2012,16,50,27,0.27
5045,12,23,2012,22,50,24,0.27
5045,12,24,2012,4,50,23,0.27
5045,12,24,2012,10,50,22,0.27
5045,12,24,2012,22,50,20,0.27
5045,12,25,2012,4,50,19,0.27
5045,12,25,2012,10,50,18,0.27
5045,12,25,2012,16,50,17,0.27
5045,12,25,2012,22,50,16,0.27
5045,12,26,2012,4,50,15,0.27
5045,12,26,2012,10,50,14,0.27
5045,12,26,2012,22,50,12,0.27
5045,12,27,2012,4,50,27,0.27
5045,12,27,2012,10,50,26,0.27
5045,12,27,2012,16,50,09,0.27
5045,12,27,2012,22,50,23,0.27
5045,12,28,2012,4,50,21,0.27
5045,12,28,2012,10,50,21,0.27
5045,12,28,2012,22,50,17,0.27
5045,12,29,2012,4,50,16,0.27
5045,12,29,2012,10,50,15,0.27
5045,12,29,2012,22,50,12,0.27
5045,12,30,2012,4,50,11,0.27
5045,12,30,2012,10,50,09,0.27
5045,12,30,2012,16,50,08,0.27
5045,12,30,2012,22,50,07,0.27
5045,12,31,2012,4,50,05,0.27
5045,12,31,2012,10,50,04,0.27
5045,12,31,2012,16,50,03,0.27
5045,1,1,2013,4,50,00,0.27
5045,1,1,2013,10,49,58,0.27
5045,1,1,2013,16,49,57,0.27
5045,1,1,2013,22,49,56,0.27
5045,1,2,2013,4,49,54,0.27
5045,1,2,2013,10,49,53,0.27
5045,1,2,2013,16,49,52,0.27
5045,1,2,2013,22,49,50,0.27
5045,1,3,2013,4,49,49,0.27
5045,1,3,2013,10,49,48,0.27
5045,1,3,2013,16,49,47,0.27
5045,1,3,2013,22,49,45,0.27
5045,1,4,2013,4,49,44,0.27
5045,1,4,2013,10,49,43,0.27
5045,1,4,2013,16,49,41,0.27
5045,1,5,2013,4,49,39,0.27
5045,1,5,2013,10,49,37,0.27
5045,1,5,2013,16,49,36,0.27
5045,1,5,2013,22,49,35,0.27
5045,1,6,2013,4,49,34,0.27
5045,1,6,2013,10,49,33,0.27
5045,1,6,2013,22,49,29,0.27
5045,1,7,2013,4,49,28,0.27
5045,1,7,2013,10,49,26,0.27
5045,1,7,2013,22,49,24,0.27
5045,1,8,2013,4,49,23,0.27
5045,1,8,2013,10,49,22,0.27
5045,1,8,2013,16,49,21,0.27
5045,1,8,2013,22,49,20,0.27
5045,1,9,2013,4,49,19,0.27
5045,1,9,2013,16,49,17,0.27
5045,1,9,2013,22,51,36,0.27
5045,1,10,2013,4,51,34,0.27
5045,1,10,2013,10,51,33,0.27
5045,1,10,2013,16,51,31,0.27
5045,1,11,2013,4,51,27,0.27
5045,1,11,2013,10,51,42,0.27
5045,1,11,2013,16,51,39,0.27
5045,1,11,2013,22,51,37,0.27
5045,1,12,2013,4,51,35,0.27
5045,1,12,2013,10,51,33,0.27
5045,1,12,2013,16,51,31,0.27
5045,1,12,2013,22,51,28,0.27
5045,1,13,2013,4,51,26,0.27
5045,1,13,2013,10,51,25,0.27
5045,1,13,2013,16,51,23,0.27
5045,1,13,2013,22,51,20,0.27
5045,1,14,2013,4,51,18,0.27
5045,1,14,2013,10,51,16,0.27
5045,1,14,2013,16,51,14,0.27
5045,1,14,2013,22,51,12,0.27
5045,1,15,2013,4,51,10,0.27
5045,1,15,2013,10,51,08,0.27
5045,1,15,2013,16,51,53,0.27
5045,1,15,2013,22,51,53,0.27
5045,1,16,2013,4,51,53,0.27
5045,1,16,2013,10,51,53,0.27
5045,1,16,2013,16,51,53,0.27
5045,1,16,2013,22,51,53,0.27
5045,1,17,2013,4,51,53,0.27
5045,1,17,2013,10,51,53,0.27
5045,1,18,2013,4,51,53,0.27
5045,1,18,2013,16,51,53,0.27
5045,1,18,2013,22,51,54,0.27
5045,1,19,2013,4,51,54,0.27
5045,1,19,2013,10,51,54,0.27
5045,1,19,2013,16,51,54,0.27
5045,1,19,2013,22,51,54,0.27
5045,1,20,2013,4,51,54,0.27
5045,1,20,2013,10,51,54,0.27
5045,1,20,2013,16,51,54,0.27
5045,1,20,2013,22,51,54,0.27
5045,1,21,2013,4,51,54,0.27
5045,1,21,2013,10,51,54,0.27
5045,1,21,2013,16,51,54,0.27
5045,1,22,2013,10,51,54,0.27
5045,1,22,2013,16,51,54,0.27
5045,1,22,2013,22,51,53,0.27
5045,1,23,2013,4,51,54,0.27
5045,1,23,2013,10,51,54,0.27
5045,1,23,2013,16,51,54,0.27
5045,1,23,2013,22,51,54,0.27
5045,1,24,2013,4,51,54,0.27
5045,1,24,2013,10,51,54,0.27
5045,1,25,2013,20,46,54,0.31
5045,1,26,2013,5,45,35,0.35
5045,1,26,2013,6,00,33,0.39
5045,1,26,2013,6,40,13,0.47
5045,1,26,2013,7,06,13,0.51
5045,1,26,2013,7,26,35,0.55
5045,1,26,2013,7,43,53,0.59
5045,1,26,2013,8,39,33,0.66
5045,1,26,2013,9,42,14,0.74
5045,1,26,2013,10,18,54,0.78
5045,1,26,2013,10,51,53,0.82
5045,1,26,2013,11,36,13,0.86
5045,1,26,2013,14,08,56,0.94
5045,1,26,2013,16,51,55,0.94
5045,1,27,2013,4,51,56,0.94
5045,1,27,2013,8,55,33,0.98
5045,1,27,2013,10,51,56,0.98
5045,1,27,2013,16,51,56,0.98
5045,1,27,2013,22,51,57,0.98
5045,1,28,2013,4,52,12,0.98
5045,1,28,2013,10,52,12,0.98
5045,1,28,2013,22,52,13,0.98
5045,1,29,2013,4,52,13,0.98
5045,1,29,2013,10,52,13,0.98
5045,1,29,2013,22,52,12,0.98
5045,1,30,2013,4,52,12,0.98
5045,1,30,2013,10,52,12,0.98
5045,1,30,2013,16,52,12,0.98
5045,1,30,2013,22,52,12,0.98
5045,1,31,2013,10,52,12,0.98
5045,1,31,2013,16,52,12,0.98
5045,1,31,2013,22,52,12,0.98
5045,2,1,2013,4,52,12,0.98
5045,2,1,2013,10,52,12,0.98
5045,2,1,2013,16,52,12,0.98
5045,2,1,2013,22,52,12,0.98
5045,2,2,2013,4,52,12,0.98
5045,2,2,2013,10,52,12,0.98
5045,2,2,2013,16,52,11,0.98
5045,2,2,2013,22,52,12,0.98
5045,2,3,2013,4,52,11,0.98
5045,2,3,2013,10,52,12,0.98
5045,2,3,2013,16,52,11,0.98
5045,2,3,2013,22,52,11,0.98
5045,2,4,2013,4,52,11,0.98
5045,2,4,2013,10,52,11,0.98
5045,2,4,2013,16,52,12,0.98
5045,2,4,2013,22,52,11,0.98
5045,2,5,2013,4,52,12,0.98
5045,2,5,2013,10,52,12,0.98
5045,2,5,2013,16,52,11,0.98
5045,2,5,2013,22,52,12,0.98
5045,2,6,2013,4,52,12,0.98
5045,2,6,2013,10,52,12,0.98
5045,2,6,2013,16,52,12,0.98
5045,2,6,2013,22,52,11,0.98
5045,2,7,2013,4,52,11,0.98
5045,2,7,2013,10,52,11,0.98
5045,2,7,2013,16,52,11,0.98
5045,2,7,2013,22,52,11,0.98
5045,2,8,2013,4,52,11,0.98
5045,2,8,2013,16,52,11,0.98
5045,2,8,2013,22,52,13,0.98
5045,2,9,2013,1,10,33,1.02
5045,2,9,2013,4,52,14,1.02
5045,2,9,2013,16,52,17,1.02
5045,2,9,2013,22,52,18,1.02
5045,2,10,2013,4,52,19,1.02
5045,2,10,2013,10,52,21,1.02
5045,2,10,2013,16,52,33,1.02
5045,2,10,2013,22,52,34,1.02
5045,2,11,2013,4,52,36,1.02
5045,2,11,2013,10,52,37,1.02
5045,2,11,2013,16,52,39,1.02
5045,2,11,2013,22,52,40,1.02
5045,2,12,2013,4,52,42,1.02
5045,2,12,2013,10,52,43,1.02
5045,2,12,2013,16,52,44,1.02
5045,2,12,2013,22,52,45,1.02
5045,2,13,2013,4,52,47,1.02
5045,2,13,2013,10,52,49,1.02
5045,2,13,2013,16,52,50,1.02
5045,2,13,2013,22,52,51,1.02
5045,2,14,2013,4,52,53,1.02
5045,2,14,2013,10,52,55,1.02
5045,2,14,2013,16,52,56,1.02
5045,2,14,2013,22,52,57,1.02
5045,2,15,2013,4,52,59,1.02
5045,2,15,2013,16,53,02,1.02
5045,2,15,2013,22,53,05,1.02
5045,2,16,2013,4,53,04,1.02
5045,2,16,2013,10,53,07,1.02
5045,2,16,2013,16,53,09,1.02
5045,2,16,2013,22,53,09,1.02
5045,2,17,2013,4,53,11,1.02
5045,2,17,2013,10,53,13,1.02
5045,2,17,2013,16,53,14,1.02
5045,2,17,2013,22,53,15,1.02
5045,2,18,2013,4,53,16,1.02
5045,2,18,2013,10,53,18,1.02
5045,2,18,2013,16,53,20,1.02
5045,2,19,2013,4,53,22,1.02
5045,2,19,2013,10,53,23,1.02
5045,2,19,2013,16,53,25,1.02
5045,2,19,2013,22,53,27,1.02
5045,2,20,2013,16,53,31,1.02
5045,2,20,2013,22,53,33,1.02
5045,2,21,2013,4,53,34,1.02
5045,2,21,2013,16,53,37,1.02
5045,2,21,2013,22,53,38,1.02
5045,2,22,2013,4,53,40,1.02
5045,2,22,2013,10,53,42,1.02
5045,2,22,2013,16,53,42,1.02
5045,2,22,2013,22,53,44,1.02
5045,2,23,2013,4,53,46,1.02
5045,2,24,2013,4,53,55,1.02
5045,2,24,2013,16,53,55,1.02
5045,2,24,2013,22,53,56,1.02
5045,2,25,2013,4,53,58,1.02
5045,2,25,2013,10,54,00,1.02
5045,2,25,2013,16,54,02,1.02
5045,2,25,2013,22,54,03,1.02
5045,2,26,2013,4,54,05,1.02
5045,2,26,2013,10,54,23,1.02
5045,2,26,2013,16,54,24,1.02
5045,2,26,2013,22,54,26,1.02
5045,2,27,2013,10,54,30,1.02
5045,2,27,2013,16,54,31,1.02
5045,2,27,2013,22,54,31,1.02
5045,2,28,2013,4,54,33,1.02
5045,2,28,2013,10,54,34,1.02
5045,2,28,2013,16,52,38,1.02
5045,2,28,2013,22,52,39,1.02
5045,3,1,2013,4,52,40,1.02
5045,3,1,2013,10,52,39,1.02
5045,3,1,2013,16,52,40,1.02
5045,3,1,2013,22,52,40,1.02
5045,3,2,2013,4,52,41,1.02
5045,3,2,2013,16,52,41,1.02
5045,3,2,2013,22,52,41,1.02
5045,3,3,2013,4,52,41,1.02
5045,3,3,2013,10,52,42,1.02
5045,3,3,2013,16,52,42,1.02
5045,3,3,2013,22,52,42,1.02
5045,3,4,2013,10,52,42,1.02
5045,3,4,2013,16,52,43,1.02
5045,3,4,2013,22,52,44,1.02
5045,3,5,2013,4,52,43,1.02
5045,3,5,2013,10,52,44,1.02
5045,3,5,2013,16,52,44,1.02
5045,3,5,2013,22,52,44,1.02
5045,3,6,2013,4,52,44,1.02
5045,3,6,2013,11,28,45,1.02
5045,3,6,2013,17,26,49,1.02
5045,3,6,2013,23,27,05,1.02
5045,3,7,2013,5,26,50,1.02
5045,3,7,2013,11,27,06,1.02
5045,3,7,2013,17,26,50,1.02
5045,3,7,2013,23,26,51,1.02
5045,3,8,2013,5,27,06,1.02
5045,3,8,2013,11,27,28,1.02
5045,3,8,2013,12,02,28,1.06
5045,3,8,2013,12,39,08,1.10
5045,3,8,2013,12,41,47,1.14
5045,3,8,2013,12,44,47,1.18
5045,3,8,2013,12,51,48,1.22
5045,3,8,2013,13,05,47,1.25
5045,3,8,2013,13,17,28,1.29
5045,3,8,2013,13,39,07,1.33
5045,3,8,2013,14,20,29,1.45
5045,3,8,2013,14,32,28,1.49
5045,3,8,2013,17,27,08,1.49
5045,3,8,2013,18,41,48,1.53
5045,3,8,2013,18,46,50,1.57
5045,3,8,2013,18,48,48,1.61
5045,3,8,2013,18,51,08,1.65
5045,3,8,2013,18,56,49,1.69
5045,3,8,2013,19,07,08,1.73
5045,3,8,2013,23,27,08,1.73
5045,3,9,2013,5,27,08,1.73
5045,3,9,2013,11,27,08,1.73
5045,3,9,2013,17,27,08,1.73
5045,3,9,2013,23,27,08,1.73
5045,3,10,2013,5,27,08,1.73
5045,3,10,2013,11,27,08,1.73
5045,3,10,2013,17,27,09,1.73
5045,3,10,2013,23,27,09,1.73
5045,3,11,2013,5,27,09,1.73
5045,3,11,2013,23,27,10,1.73
5045,3,12,2013,17,27,11,1.73
5045,3,12,2013,23,27,11,1.73
5045,3,13,2013,11,27,12,1.73
5045,3,13,2013,17,27,12,1.73
5045,3,13,2013,23,27,12,1.73
5045,3,14,2013,5,27,12,1.73
5045,3,14,2013,11,27,13,1.73
5045,3,14,2013,17,27,13,1.73
5045,3,14,2013,23,27,14,1.73
5045,3,15,2013,5,27,13,1.73
5045,3,15,2013,11,27,13,1.73
5045,3,15,2013,17,27,14,1.73
5045,3,15,2013,23,27,14,1.73
5045,3,16,2013,5,27,14,1.73
5045,3,16,2013,11,27,15,1.73
5045,3,16,2013,17,27,14,1.73
5045,3,16,2013,23,27,15,1.73
5045,3,17,2013,5,27,16,1.73
5045,3,17,2013,11,27,15,1.73
5045,3,17,2013,17,27,16,1.73
5045,3,17,2013,23,27,16,1.73
5045,3,18,2013,5,27,16,1.73
5045,3,18,2013,11,27,16,1.73
5045,3,18,2013,17,27,17,1.73
5045,3,18,2013,23,27,16,1.73
5045,3,19,2013,5,27,17,1.73
5045,3,19,2013,11,27,18,1.73
5045,3,19,2013,17,27,17,1.73
5045,3,19,2013,23,27,18,1.73
5045,3,20,2013,5,27,18,1.73
5045,3,20,2013,11,27,18,1.73
5045,3,20,2013,17,27,18,1.73
5045,3,20,2013,23,27,18,1.73
5045,3,21,2013,5,27,18,1.73
5045,3,21,2013,11,27,19,1.73
5045,3,21,2013,17,27,19,1.73
5045,3,21,2013,23,27,20,1.73
5045,3,22,2013,5,27,21,1.73
5045,3,22,2013,11,27,20,1.73
5045,3,22,2013,17,27,44,1.73
5045,3,22,2013,23,27,20,1.73
5045,3,23,2013,5,27,20,1.73
5045,3,23,2013,11,27,20,1.73
5045,3,23,2013,17,27,22,1.73
5045,3,23,2013,23,27,22,1.73
5045,3,24,2013,5,27,21,1.73
5045,3,24,2013,11,27,22,1.73
5045,3,24,2013,17,27,22,1.73
5045,3,24,2013,23,27,23,1.73
5045,3,25,2013,5,27,23,1.73
5045,3,25,2013,11,27,23,1.73
5045,3,25,2013,17,27,24,1.73
5045,3,25,2013,23,27,24,1.73
5045,3,26,2013,5,27,24,1.73
5045,3,26,2013,11,27,25,1.73
5045,3,26,2013,17,28,42,1.73
5045,3,26,2013,23,27,24,1.73
5045,3,27,2013,5,27,50,1.73
5045,3,27,2013,11,28,40,1.73
5045,3,27,2013,17,28,09,1.73
5045,3,27,2013,23,27,25,1.73
5045,3,28,2013,5,27,51,1.73
5045,3,28,2013,11,28,19,1.73
5045,3,28,2013,17,27,26,1.73
5045,3,28,2013,23,27,27,1.73
5045,3,29,2013,5,27,27,1.73
5045,3,29,2013,17,27,28,1.73
5045,3,29,2013,23,27,28,1.73
5045,3,30,2013,5,27,28,1.73
5045,3,30,2013,11,27,34,1.73
5045,3,30,2013,17,27,28,1.73
5045,3,30,2013,23,27,29,1.73
5045,3,31,2013,5,27,52,1.73
5045,3,31,2013,11,27,58,1.73
5045,3,31,2013,17,27,30,1.73
5045,3,31,2013,23,27,30,1.73
5045,4,1,2013,5,28,10,1.73
5045,4,1,2013,11,28,21,1.73
5045,4,1,2013,23,27,53,1.73
5045,4,2,2013,5,27,32,1.73
5045,4,2,2013,11,26,58,1.73
5045,4,2,2013,17,26,58,1.73
5045,4,2,2013,23,26,59,1.73
5045,4,3,2013,5,26,59,1.73
5045,4,3,2013,11,26,59,1.73
5045,4,3,2013,17,26,59,1.73
5045,4,3,2013,23,26,59,1.73
5045,4,4,2013,5,26,59,1.73
5045,4,4,2013,11,26,59,1.73
5045,4,4,2013,17,27,00,1.73
5045,4,4,2013,23,27,00,1.73
5045,4,5,2013,5,27,00,1.73
5045,4,5,2013,11,27,17,1.73
5045,4,5,2013,17,27,17,1.73
5045,4,5,2013,23,27,16,1.73
5045,4,6,2013,5,27,16,1.73
5045,4,6,2013,11,27,00,1.73
5045,4,6,2013,17,27,01,1.73
5045,4,6,2013,23,27,16,1.73
5045,4,7,2013,5,27,16,1.73
5045,4,7,2013,11,27,16,1.73
5045,4,7,2013,17,27,16,1.73
5045,4,7,2013,23,27,16,1.73
5045,4,8,2013,5,27,16,1.73
5045,4,8,2013,11,27,16,1.73
5045,4,8,2013,17,27,16,1.73
5045,4,8,2013,23,27,17,1.73
5045,4,9,2013,5,27,16,1.73
5045,4,9,2013,11,27,16,1.73
5045,4,9,2013,17,27,16,1.73
5045,4,9,2013,23,27,16,1.73
5045,4,10,2013,5,27,16,1.73
5045,4,10,2013,11,27,16,1.73
5045,4,10,2013,17,27,16,1.73
5045,4,10,2013,23,27,16,1.73
5045,4,11,2013,5,27,16,1.73
5045,4,11,2013,11,27,16,1.73
5045,4,11,2013,17,27,16,1.73
5045,4,11,2013,23,27,16,1.73
5045,4,12,2013,5,27,16,1.73
5045,4,12,2013,11,27,16,1.73
5045,4,12,2013,17,27,16,1.73
5045,4,12,2013,23,27,16,1.73
5045,4,13,2013,11,27,16,1.73
5045,4,13,2013,17,27,16,1.73
5045,4,13,2013,23,27,16,1.73
5045,4,14,2013,5,27,16,1.73
5045,4,14,2013,11,27,15,1.73
5045,4,14,2013,17,27,16,1.73
5045,4,14,2013,23,27,15,1.73
5045,4,15,2013,11,27,15,1.73
5045,4,15,2013,17,27,15,1.73
5045,4,15,2013,23,27,15,1.73
5045,4,16,2013,5,27,15,1.73
5045,4,16,2013,11,27,15,1.73
5045,4,16,2013,17,27,15,1.73
5045,4,16,2013,23,27,15,1.73
5045,4,17,2013,5,27,15,1.73
5045,4,17,2013,11,27,15,1.73
5045,4,17,2013,17,27,15,1.73
5045,4,17,2013,23,27,16,1.73
5045,4,18,2013,5,27,15,1.73
5045,4,18,2013,11,27,15,1.73
5045,4,18,2013,23,27,14,1.73
5045,4,19,2013,5,27,14,1.73
5045,4,19,2013,11,27,14,1.73
5045,4,19,2013,17,27,14,1.73
5045,4,19,2013,23,27,14,1.73
5045,4,20,2013,5,27,14,1.73
5045,4,20,2013,11,27,14,1.73
5045,4,20,2013,17,27,14,1.73
5045,4,20,2013,23,27,14,1.73
5045,4,21,2013,5,27,14,1.73
5045,4,21,2013,11,27,14,1.73
5045,4,21,2013,17,27,14,1.73
5045,4,21,2013,23,27,14,1.73
5045,4,22,2013,5,27,29,1.73
5045,4,22,2013,17,27,14,1.73
5045,4,22,2013,23,27,14,1.73
5045,4,23,2013,5,27,14,1.73
5045,4,23,2013,11,27,14,1.73
5045,4,23,2013,17,27,14,1.73
5045,4,23,2013,23,27,14,1.73
5045,4,24,2013,5,27,14,1.73
5045,4,24,2013,11,27,14,1.73
5045,4,24,2013,17,27,14,1.73
5045,4,24,2013,23,27,15,1.73
5045,4,25,2013,5,27,14,1.73
5045,4,25,2013,11,27,16,1.73
5045,4,25,2013,17,27,14,1.73
5045,4,25,2013,23,27,14,1.73
5045,4,26,2013,5,27,14,1.73
5045,4,26,2013,11,27,14,1.73
5045,4,26,2013,17,27,14,1.73
5045,4,26,2013,23,27,14,1.73
5045,4,27,2013,5,27,14,1.73
5045,4,27,2013,11,27,14,1.73
5045,4,27,2013,17,27,15,1.73
5045,4,27,2013,23,27,14,1.73
5045,4,28,2013,5,27,15,1.73
5045,4,28,2013,11,27,15,1.73
5045,4,28,2013,17,27,14,1.73
5045,4,28,2013,23,27,14,1.73
5045,4,29,2013,5,27,14,1.73
5045,4,29,2013,11,27,14,1.73
5045,4,29,2013,17,27,14,1.73
5045,4,29,2013,23,27,15,1.73
5045,4,30,2013,5,27,15,1.73
5045,4,30,2013,11,27,14,1.73
5045,4,30,2013,17,27,14,1.73
5045,4,30,2013,23,27,14,1.73
5045,5,1,2013,5,27,14,1.73
5045,5,1,2013,11,27,15,1.73
5045,5,1,2013,17,27,15,1.73
5045,5,2,2013,5,27,15,1.73
5045,5,2,2013,11,27,15,1.73
5045,5,2,2013,17,27,15,1.73
5045,5,2,2013,23,27,15,1.73
5045,5,3,2013,5,27,16,1.73
5045,5,3,2013,11,27,16,1.73
5045,5,3,2013,17,27,16,1.73
5045,5,3,2013,23,27,16,1.73
5045,5,4,2013,5,27,16,1.73
5045,5,4,2013,11,27,16,1.73
5045,5,4,2013,17,27,16,1.73
5045,5,4,2013,23,27,17,1.73
5045,5,5,2013,5,27,17,1.73
5045,5,5,2013,11,27,17,1.73
5045,5,5,2013,17,27,17,1.73
5045,5,5,2013,23,27,17,1.73
5045,5,6,2013,5,27,33,1.73
5045,5,6,2013,11,27,33,1.73
5045,5,6,2013,17,27,33,1.73
5045,5,6,2013,23,27,33,1.73
5045,5,7,2013,5,27,33,1.73
5045,5,7,2013,11,27,18,1.73
5045,5,7,2013,17,27,35,1.73
5045,5,7,2013,23,27,34,1.73
5045,5,8,2013,5,27,34,1.73
5045,5,8,2013,11,27,34,1.73
5045,5,8,2013,23,27,35,1.73
5045,5,9,2013,5,27,37,1.73
5045,5,9,2013,11,27,38,1.73
5045,5,9,2013,17,27,39,1.73
5045,5,9,2013,23,27,40,1.73
5045,5,10,2013,5,27,41,1.73
5045,5,10,2013,11,27,43,1.73
5045,5,10,2013,17,27,44,1.73
5045,5,10,2013,23,27,45,1.73
5045,5,11,2013,5,27,46,1.73
5045,5,11,2013,11,27,48,1.73
5045,5,11,2013,17,27,50,1.73
5045,5,11,2013,23,27,50,1.73
5045,5,12,2013,5,27,52,1.73
5045,5,12,2013,11,27,52,1.73
5045,5,12,2013,17,27,54,1.73
5045,5,12,2013,23,27,55,1.73
5045,5,13,2013,5,27,56,1.73
5045,5,13,2013,11,27,58,1.73
5045,5,13,2013,17,27,58,1.73
5045,5,13,2013,23,28,00,1.73
5045,5,14,2013,5,28,01,1.73
5045,5,14,2013,11,28,02,1.73
5045,5,14,2013,17,28,03,1.73
5045,5,14,2013,23,28,04,1.73
5045,5,15,2013,5,28,06,1.73
5045,5,15,2013,11,28,07,1.73
5045,5,15,2013,23,27,33,1.73
5045,5,16,2013,5,27,33,1.73
5045,5,16,2013,17,27,33,1.73
5045,5,16,2013,23,27,32,1.73
5045,5,17,2013,5,27,32,1.73
5045,5,17,2013,11,27,33,1.73
5045,5,17,2013,17,27,33,1.73
5045,5,17,2013,23,27,33,1.73
5045,5,18,2013,5,27,33,1.73
5045,5,18,2013,11,27,33,1.73
5045,5,18,2013,17,27,32,1.73
5045,5,18,2013,23,27,32,1.73
5045,5,19,2013,5,27,32,1.73
5045,5,19,2013,11,27,33,1.73
5045,5,19,2013,17,27,33,1.73
5045,5,19,2013,23,27,33,1.73
5045,5,20,2013,5,27,32,1.73
5045,5,20,2013,11,27,32,1.73
5045,5,20,2013,17,27,32,1.73
5045,5,20,2013,23,27,32,1.73
5045,5,21,2013,5,27,33,1.73
5045,5,21,2013,17,27,32,1.73
5045,5,21,2013,23,27,32,1.73
5045,5,22,2013,11,27,33,1.73
5045,5,22,2013,17,27,33,1.73
5045,5,22,2013,23,27,32,1.73
5045,5,23,2013,5,27,33,1.73
5045,5,23,2013,11,27,33,1.73
5045,5,23,2013,17,27,32,1.73
5045,5,23,2013,23,27,32,1.73
5045,5,24,2013,5,27,32,1.73
5045,5,24,2013,11,27,32,1.73
5045,5,24,2013,17,27,32,1.73
5045,5,24,2013,23,27,32,1.73
5045,5,25,2013,5,27,33,1.73
5045,5,25,2013,11,27,32,1.73
5045,5,25,2013,17,27,32,1.73
5045,5,25,2013,23,27,32,1.73
5045,5,26,2013,5,27,32,1.73
5045,5,26,2013,11,27,32,1.73
5045,5,26,2013,17,27,33,1.73
5045,5,26,2013,23,27,32,1.73
5045,5,27,2013,5,27,32,1.73
5045,5,27,2013,11,27,33,1.73
5045,5,27,2013,17,27,33,1.73
5045,5,27,2013,23,27,33,1.73
5045,5,28,2013,5,27,32,1.73
5045,5,28,2013,11,27,32,1.73
5045,5,28,2013,17,27,32,1.73
5045,5,28,2013,23,27,33,1.73
5045,5,29,2013,5,27,33,1.73
5045,5,29,2013,11,27,33,1.73
5045,5,29,2013,17,27,32,1.73
5045,5,29,2013,23,27,32,1.73
5045,5,30,2013,5,27,32,1.73
5045,5,30,2013,23,27,33,1.73
5045,5,31,2013,5,27,33,1.73
5045,5,31,2013,11,27,33,1.73
5045,5,31,2013,17,27,33,1.73
5045,5,31,2013,23,27,34,1.73
5045,6,1,2013,5,27,34,1.73
5045,6,1,2013,11,27,34,1.73
5045,6,1,2013,17,27,34,1.73
5045,6,1,2013,23,27,34,1.73
5045,6,2,2013,5,27,35,1.73
5045,6,2,2013,11,27,35,1.73
5045,6,2,2013,17,27,35,1.73
5045,6,2,2013,23,27,35,1.73
5045,6,3,2013,5,27,51,1.73
5045,6,3,2013,11,27,51,1.73
5045,6,3,2013,17,27,51,1.73
5045,6,3,2013,23,27,51,1.73
5045,6,4,2013,5,27,51,1.73
5045,6,4,2013,11,27,51,1.73
5045,6,4,2013,17,27,51,1.73
5045,6,4,2013,23,27,51,1.73
5045,6,5,2013,5,27,51,1.73
5045,6,5,2013,11,27,51,1.73
5045,6,5,2013,17,27,51,1.73
5045,6,5,2013,23,27,51,1.73
5045,6,6,2013,5,27,51,1.73
5045,6,6,2013,11,27,51,1.73
5045,6,6,2013,17,27,51,1.73
5045,6,7,2013,5,27,50,1.73
5045,6,7,2013,11,27,50,1.73
5045,6,7,2013,17,27,50,1.73
5045,6,7,2013,23,27,50,1.73
5045,6,8,2013,5,27,50,1.73
5045,6,8,2013,11,27,50,1.73
5045,6,8,2013,17,27,50,1.73
5045,6,8,2013,23,27,50,1.73
5045,6,9,2013,5,27,50,1.73
5045,6,9,2013,11,27,50,1.73
5045,6,9,2013,17,27,50,1.73
5045,6,9,2013,23,27,50,1.73
5045,6,10,2013,5,27,50,1.73
5045,6,10,2013,11,27,50,1.73
5045,6,10,2013,17,27,51,1.73
5045,6,10,2013,23,27,49,1.73
5045,6,11,2013,5,27,50,1.73
5045,6,11,2013,11,27,50,1.73
5045,6,11,2013,17,27,50,1.73
5045,6,11,2013,23,27,49,1.73
5045,6,12,2013,5,27,50,1.73
5045,6,12,2013,17,27,50,1.73
5045,6,12,2013,23,27,49,1.73
5045,6,13,2013,5,27,49,1.73
5045,6,13,2013,11,27,49,1.73
5045,6,13,2013,17,27,49,1.73
5045,6,14,2013,5,27,49,1.73
5045,6,14,2013,11,27,48,1.73
5045,6,14,2013,17,27,46,1.73
5045,6,14,2013,23,27,45,1.73
5045,6,15,2013,5,27,43,1.73
5045,6,15,2013,11,27,41,1.73
5045,6,15,2013,17,27,40,1.73
5045,6,15,2013,23,27,39,1.73
5045,6,16,2013,5,27,38,1.73
5045,6,16,2013,11,27,35,1.73
5045,6,16,2013,17,27,34,1.73
5045,6,16,2013,23,27,33,1.73
5045,6,17,2013,5,27,30,1.73
5045,6,17,2013,11,27,29,1.73
5045,6,17,2013,17,27,28,1.73
5045,6,17,2013,23,27,26,1.73
5045,6,18,2013,5,27,25,1.73
5045,6,18,2013,11,27,23,1.73
5045,6,18,2013,17,27,21,1.73
5045,6,18,2013,23,27,20,1.73
5045,6,19,2013,11,27,17,1.73
5045,6,19,2013,17,27,16,1.73
5045,6,19,2013,23,27,14,1.73
5045,6,20,2013,5,27,13,1.73
5045,6,20,2013,11,27,12,1.73
5045,6,20,2013,17,27,10,1.73
5045,6,20,2013,23,27,08,1.73
5045,6,21,2013,5,27,07,1.73
5045,6,21,2013,17,27,05,1.73
5045,6,21,2013,23,27,03,1.73
5045,6,22,2013,5,27,02,1.73
5045,6,22,2013,11,27,01,1.73
5045,6,22,2013,17,27,16,1.73
5045,6,22,2013,23,27,14,1.73
5045,6,23,2013,5,27,12,1.73
5045,6,23,2013,11,27,11,1.73
5045,6,23,2013,17,27,09,1.73
5045,6,23,2013,23,27,08,1.73
5045,6,24,2013,5,27,06,1.73
5045,6,24,2013,11,27,04,1.73
5045,6,24,2013,17,27,03,1.73
5045,6,24,2013,23,27,01,1.73
5045,6,25,2013,5,27,00,1.73
5045,6,25,2013,11,26,58,1.73
5045,6,25,2013,17,26,56,1.73
5045,6,25,2013,23,26,55,1.73
5045,6,26,2013,5,26,53,1.73
5045,6,26,2013,11,26,52,1.73
5045,6,26,2013,17,26,50,1.73
5045,6,26,2013,23,26,48,1.73
5045,6,27,2013,5,26,47,1.73
5045,6,27,2013,11,26,45,1.73
5045,6,27,2013,17,26,44,1.73
5045,6,27,2013,23,26,42,1.73
5045,6,28,2013,5,26,41,1.73
5045,6,28,2013,11,26,39,1.73
5045,6,28,2013,17,26,37,1.73
5045,6,28,2013,23,26,36,1.73
5045,6,29,2013,5,26,34,1.73
5045,6,29,2013,11,26,33,1.73
5045,6,29,2013,17,26,31,1.73
5045,6,29,2013,23,26,29,1.73
5045,6,30,2013,5,26,28,1.73
5045,6,30,2013,11,26,26,1.73
5045,6,30,2013,17,26,24,1.73
5045,6,30,2013,23,26,23,1.73
5045,7,1,2013,5,26,21,1.73
5045,7,1,2013,11,26,20,1.73
5045,7,1,2013,17,26,18,1.73
5045,7,1,2013,23,26,16,1.73
5045,7,2,2013,5,26,15,1.77
5045,7,2,2013,11,26,13,1.77
5045,7,2,2013,17,26,11,1.77
5045,7,2,2013,23,26,09,1.77
5045,7,3,2013,5,26,09,1.77
5045,7,3,2013,11,26,06,1.77
5045,7,3,2013,17,26,05,1.77
5045,7,3,2013,23,26,03,1.77
5045,7,4,2013,5,26,01,1.77
5045,7,4,2013,11,25,59,1.77
5045,7,4,2013,17,25,58,1.77
5045,7,5,2013,5,25,55,1.77
5045,7,5,2013,11,25,53,1.77
5045,7,5,2013,17,25,52,1.77
5045,7,5,2013,23,25,50,1.77
5045,7,6,2013,5,25,48,1.77
5045,7,6,2013,11,25,47,1.77
5045,7,6,2013,17,25,45,1.77
5045,7,6,2013,23,25,44,1.77
5045,7,7,2013,5,25,42,1.77
5045,7,7,2013,11,25,41,1.77
5045,7,7,2013,17,25,40,1.77
5045,7,7,2013,23,25,38,1.77
5045,7,8,2013,5,25,37,1.77
5045,7,8,2013,11,25,36,1.77
5045,7,8,2013,17,25,34,1.77
5045,7,8,2013,23,25,33,1.77
5045,7,9,2013,5,25,32,1.77
5045,7,9,2013,11,25,46,1.77
5045,7,9,2013,17,25,45,1.77
5045,7,9,2013,23,25,43,1.77
5045,7,10,2013,5,25,41,1.77
5045,7,10,2013,11,25,40,1.77
5045,7,10,2013,17,25,38,1.77
5045,7,10,2013,23,25,37,1.77
5045,7,11,2013,5,25,35,1.77
5045,7,11,2013,5,32,15,1.81
5045,7,11,2013,5,56,55,1.85
5045,7,11,2013,6,13,16,1.88
5045,7,11,2013,6,31,55,1.92
5045,7,11,2013,11,25,35,1.92
5045,7,11,2013,23,25,30,1.92
5045,7,12,2013,5,25,29,1.92
5045,7,12,2013,11,25,27,1.92
5045,7,12,2013,23,25,24,1.92
5045,7,13,2013,5,25,22,1.92
5045,7,13,2013,11,25,21,1.92
5045,7,13,2013,17,25,19,1.92
5045,7,13,2013,23,25,17,1.92
5045,7,14,2013,5,25,15,1.92
5045,7,14,2013,11,25,14,1.92
5045,7,14,2013,17,25,13,1.92
5045,7,14,2013,20,38,13,1.96
5045,7,14,2013,20,41,53,2.00
5045,7,14,2013,20,44,54,2.04
5045,7,14,2013,20,46,32,2.08
5045,7,14,2013,20,49,52,2.12
5045,7,14,2013,20,58,55,2.16
5045,7,14,2013,23,25,11,2.16
5045,7,15,2013,11,25,04,2.16
5045,7,15,2013,17,25,03,2.16
5045,7,15,2013,23,25,01,2.16
5045,7,16,2013,5,24,59,2.16
5045,7,16,2013,11,28,24,2.16
5045,7,16,2013,17,28,23,2.16
5045,7,16,2013,23,28,23,2.16
5045,7,17,2013,5,28,23,2.16
5045,7,17,2013,11,28,23,2.16
5045,7,17,2013,17,28,23,2.16
5045,7,17,2013,23,28,25,2.16
5045,7,18,2013,5,28,22,2.16
5045,7,18,2013,11,28,22,2.16
5045,7,18,2013,17,28,22,2.16
5045,7,18,2013,23,28,22,2.16
5045,7,19,2013,5,28,23,2.16
5045,7,19,2013,11,28,23,2.16
5045,7,19,2013,17,28,23,2.16
5045,7,19,2013,23,28,24,2.16
5045,7,20,2013,0,32,02,2.20
5045,7,20,2013,0,33,03,2.24
5045,7,20,2013,0,34,02,2.28
5045,7,20,2013,0,35,04,2.32
5045,7,20,2013,0,36,03,2.36
5045,7,20,2013,0,37,22,2.40
5045,7,20,2013,0,38,23,2.44
5045,7,20,2013,0,39,45,2.48
5045,7,20,2013,0,43,01,2.51
5045,7,20,2013,1,41,22,2.55
5045,7,20,2013,2,41,34,2.59
5045,7,20,2013,2,56,02,2.63
5045,7,20,2013,5,28,23,2.63
5045,7,20,2013,11,28,23,2.63
5045,7,20,2013,17,28,23,2.63
5045,7,20,2013,23,28,23,2.63
5045,7,21,2013,5,28,23,2.63
5045,7,21,2013,8,38,42,2.67
5045,7,21,2013,9,12,45,2.71
5045,7,21,2013,11,28,22,2.71
5045,7,21,2013,17,28,22,2.71
5045,7,21,2013,23,28,23,2.71
5045,7,22,2013,5,28,23,2.71
5045,7,22,2013,11,28,22,2.71
5045,7,22,2013,17,28,23,2.71
5045,7,22,2013,23,28,23,2.71
5045,7,23,2013,5,28,23,2.71
5045,7,23,2013,11,28,23,2.71
5045,7,23,2013,17,28,23,2.71
5045,7,23,2013,23,28,24,2.71
5045,7,24,2013,5,28,24,2.71
5045,7,24,2013,11,28,24,2.71
5045,7,24,2013,17,28,24,2.71
5045,7,24,2013,23,28,25,2.71
5045,7,25,2013,5,28,25,2.71
5045,7,25,2013,7,22,03,2.75
5045,7,25,2013,7,23,42,2.79
5045,7,25,2013,7,25,02,2.83
5045,7,25,2013,7,25,46,2.87
5045,7,25,2013,7,27,05,2.91
5045,7,25,2013,7,31,02,2.95
5045,7,25,2013,7,34,03,2.99
5045,7,25,2013,8,02,42,3.03
5045,7,25,2013,11,28,25,3.03
5045,7,25,2013,17,28,25,3.03
5045,7,25,2013,23,28,25,3.03
5045,7,26,2013,5,28,26,3.03
5045,7,26,2013,11,28,26,3.03
5045,7,26,2013,17,28,26,3.03
5045,7,26,2013,23,28,26,3.03
5045,7,27,2013,5,28,27,3.03
5045,7,27,2013,11,28,27,3.03
5045,7,27,2013,17,28,27,3.03
5045,7,27,2013,23,28,43,3.03
5045,7,28,2013,5,28,43,3.03
5045,7,28,2013,11,28,41,3.03
5045,7,28,2013,17,28,42,3.03
5045,7,28,2013,23,28,41,3.03
5045,7,29,2013,5,28,41,3.03
5045,7,29,2013,11,28,42,3.03
5045,7,29,2013,17,28,41,3.03
5045,7,29,2013,23,28,42,3.03
5045,7,30,2013,5,28,41,3.03
5045,7,30,2013,11,28,41,3.03
5045,7,30,2013,17,28,42,3.03
5045,7,30,2013,23,28,42,3.03
5045,7,31,2013,5,28,42,3.03
5045,7,31,2013,11,28,42,3.03
5045,7,31,2013,17,28,42,3.03
5045,7,31,2013,23,28,42,3.03
5045,8,1,2013,11,28,42,3.03
5045,8,1,2013,17,28,42,3.03
5045,8,1,2013,23,28,43,3.03
5045,8,2,2013,5,28,43,3.03
5045,8,2,2013,11,28,43,3.03
5045,8,2,2013,17,28,43,3.03
5045,8,2,2013,23,28,43,3.03
5045,8,3,2013,5,28,43,3.03
5045,8,3,2013,11,28,43,3.03
5045,8,3,2013,17,28,43,3.03
5045,8,3,2013,23,28,43,3.03
5045,8,4,2013,5,28,43,3.03
5045,8,4,2013,11,28,43,3.03
5045,8,4,2013,23,28,43,3.03
5045,8,5,2013,5,28,43,3.03
5045,8,5,2013,11,28,44,3.03
5045,8,5,2013,17,28,44,3.03
5045,8,5,2013,23,28,44,3.03
5045,8,6,2013,5,28,44,3.03
5045,8,6,2013,11,28,44,3.03
5045,8,6,2013,17,28,46,3.03
5045,8,6,2013,23,28,48,3.03
5045,8,7,2013,5,28,50,3.03
5045,8,7,2013,11,28,53,3.03
5045,8,7,2013,17,28,54,3.03
5045,8,7,2013,23,28,56,3.03
5045,8,8,2013,5,28,59,3.03
5045,8,8,2013,11,29,01,3.03
5045,8,8,2013,17,29,03,3.03
5045,8,8,2013,23,29,06,3.03
5045,8,9,2013,5,29,08,3.03
5045,8,9,2013,11,29,09,3.03
5045,8,9,2013,17,29,12,3.03
5045,8,9,2013,23,29,14,3.03
5045,8,10,2013,5,29,16,3.03
5045,8,10,2013,11,29,18,3.03
5045,8,10,2013,17,29,21,3.03
5045,8,10,2013,23,29,22,3.03
5045,8,11,2013,5,29,25,3.03
5045,8,11,2013,17,29,29,3.03
5045,8,11,2013,23,29,31,3.03
5045,8,12,2013,5,29,34,3.03
5045,8,12,2013,11,29,36,3.03
5045,8,12,2013,17,29,37,3.03
5045,8,12,2013,23,29,40,3.03
5045,8,13,2013,5,29,42,3.03
5045,8,13,2013,11,29,44,3.03
5045,8,13,2013,17,29,46,3.03
5045,8,13,2013,23,29,49,3.03
5045,8,14,2013,5,29,51,3.03
5045,8,14,2013,11,29,53,3.03
5045,8,14,2013,17,29,56,3.03
5045,8,14,2013,23,29,57,3.03
5045,8,15,2013,5,30,00,3.03
5045,8,15,2013,11,30,02,3.03
5045,8,15,2013,17,28,47,3.03
5045,8,15,2013,23,28,47,3.03
5045,8,16,2013,5,28,46,3.03
5045,8,16,2013,11,28,46,3.03
5045,8,16,2013,23,28,47,3.03
5045,8,17,2013,5,28,47,3.03
5045,8,17,2013,11,28,48,3.03
5045,8,17,2013,17,28,48,3.03
5045,8,17,2013,23,28,48,3.03
5045,8,18,2013,5,28,49,3.03
5045,8,18,2013,11,28,49,3.03
5045,8,18,2013,17,28,49,3.03
5045,8,18,2013,20,32,27,3.07
5045,8,18,2013,20,33,47,3.11
5045,8,18,2013,20,35,07,3.14
5045,8,18,2013,20,36,07,3.18
5045,8,18,2013,20,37,07,3.22
5045,8,18,2013,20,37,47,3.26
5045,8,18,2013,20,39,07,3.30
5045,8,18,2013,20,40,27,3.38
5045,8,18,2013,20,41,27,3.46
5045,8,18,2013,20,42,27,3.50
5045,8,18,2013,20,43,07,3.54
5045,8,18,2013,20,43,47,3.58
5045,8,18,2013,20,44,47,3.62
5045,8,18,2013,20,45,07,3.66
5045,8,18,2013,20,45,47,3.70
5045,8,18,2013,20,46,47,3.74
5045,8,18,2013,20,47,28,3.77
5045,8,18,2013,20,48,10,3.81
5045,8,18,2013,20,49,07,3.85
5045,8,18,2013,20,50,07,3.89
5045,8,18,2013,20,51,07,3.93
5045,8,18,2013,20,52,27,3.97
5045,8,18,2013,20,53,47,4.01
5045,8,18,2013,20,57,47,4.09
5045,8,18,2013,21,01,47,4.13
5045,8,18,2013,21,07,07,4.17
5045,8,18,2013,23,28,49,4.17
5045,8,19,2013,5,28,50,4.17
5045,8,19,2013,11,28,50,4.17
5045,8,19,2013,17,28,50,4.17
5045,8,19,2013,23,28,50,4.17
5045,8,20,2013,5,28,50,4.17
5045,8,20,2013,11,28,51,4.17
5045,8,20,2013,17,28,51,4.17
5045,8,20,2013,23,28,51,4.17
5045,8,21,2013,5,28,51,4.17
5045,8,21,2013,11,29,08,4.17
5045,8,21,2013,17,28,52,4.17
5045,8,21,2013,23,29,08,4.17
5045,8,22,2013,5,29,08,4.17
5045,8,22,2013,11,29,08,4.17
5045,8,22,2013,17,29,08,4.17
5045,8,22,2013,23,29,09,4.17
5045,8,23,2013,5,29,08,4.17
5045,8,23,2013,11,29,09,4.17
5045,8,23,2013,17,29,08,4.17
5045,8,23,2013,23,29,08,4.17
5045,8,24,2013,5,21,25,4.21
5045,8,24,2013,5,25,42,4.25
5045,8,24,2013,5,29,02,4.25
5045,8,24,2013,5,35,41,4.29
5045,8,24,2013,5,51,41,4.33
5045,8,24,2013,5,58,22,4.37
5045,8,24,2013,6,14,23,4.40
5045,8,24,2013,11,29,02,4.40
5045,8,24,2013,17,29,02,4.40
5045,8,24,2013,23,29,03,4.40
5045,8,25,2013,5,29,03,4.40
5045,8,25,2013,11,29,01,4.40
5045,8,25,2013,17,29,01,4.40
5045,8,25,2013,23,29,02,4.40
5045,8,26,2013,5,29,01,4.40
5045,8,26,2013,11,29,02,4.40
5045,8,26,2013,17,29,02,4.40
5045,8,26,2013,20,03,01,4.44
5045,8,26,2013,20,05,21,4.48
5045,8,26,2013,20,07,21,4.52
5045,8,26,2013,20,10,21,4.56
5045,8,26,2013,20,14,02,4.60
5045,8,26,2013,20,15,41,4.64
5045,8,26,2013,20,17,01,4.68
5045,8,26,2013,20,19,22,4.72
5045,8,26,2013,20,21,22,4.76
5045,8,26,2013,20,23,42,4.80
5045,8,26,2013,20,41,02,4.84
5045,8,26,2013,21,13,01,4.88
5045,8,26,2013,21,42,42,4.92
5045,8,26,2013,23,29,02,4.92
5045,8,27,2013,5,29,03,4.92
5045,8,27,2013,11,29,02,4.92
5045,8,27,2013,17,29,02,4.92
5045,8,27,2013,23,29,03,4.92
5045,8,28,2013,5,29,03,4.92
5045,8,28,2013,11,29,03,4.92
5045,8,28,2013,17,29,03,4.92
5045,8,28,2013,21,16,41,4.96
5045,8,28,2013,21,19,01,4.99
5045,8,28,2013,21,25,21,5.07
5045,8,28,2013,21,49,01,5.11
5045,8,28,2013,23,29,02,5.11
5045,8,29,2013,5,29,03,5.15
5045,8,29,2013,11,29,02,5.15
5045,8,29,2013,17,29,02,5.15
5045,8,29,2013,18,00,22,5.19
5045,8,29,2013,23,29,02,5.19
5045,8,30,2013,5,29,02,5.19
5045,8,30,2013,11,29,02,5.19
5045,8,30,2013,17,29,03,5.19
5045,8,30,2013,23,29,02,5.19
5045,8,31,2013,5,29,03,5.19
5045,8,31,2013,11,29,03,5.19
5045,8,31,2013,17,29,03,5.19
5045,9,1,2013,5,29,03,5.19
5045,9,1,2013,11,29,03,5.19
5045,9,1,2013,17,29,03,5.19
5045,9,1,2013,23,29,03,5.19
5045,9,2,2013,5,29,03,5.19
5045,9,2,2013,11,29,04,5.19
5045,9,2,2013,17,29,04,5.19
5045,9,2,2013,23,29,03,5.19
5045,9,3,2013,5,29,03,5.19
5045,9,3,2013,11,29,04,5.19
5045,9,3,2013,17,29,04,5.19
5045,9,3,2013,23,29,04,5.19
5045,9,4,2013,5,29,03,5.19
5045,9,4,2013,11,29,03,5.19
5045,9,4,2013,17,29,04,5.19
5045,9,4,2013,23,29,04,5.19
5045,9,5,2013,5,29,04,5.19
5045,9,5,2013,11,29,05,5.19
5045,9,5,2013,17,29,04,5.19
5045,9,5,2013,23,29,04,5.19
5045,9,6,2013,5,29,04,5.19
5045,9,6,2013,11,29,05,5.19
5045,9,6,2013,15,36,44,5.23
5045,9,6,2013,23,29,05,5.23
5045,9,7,2013,5,29,05,5.23
5045,9,7,2013,11,29,05,5.23
5045,9,7,2013,23,29,06,5.23
5045,9,8,2013,5,29,06,5.23
5045,9,8,2013,17,29,06,5.23
5045,9,8,2013,23,29,06,5.23
5045,9,9,2013,5,29,06,5.23
5045,9,9,2013,13,38,04,5.27
5045,9,9,2013,13,42,25,5.31
5045,9,9,2013,13,45,26,5.35
5045,9,9,2013,14,48,42,5.43
5045,9,9,2013,14,53,42,5.47
5045,9,9,2013,14,55,41,5.51
5045,9,9,2013,14,58,21,5.55
5045,9,9,2013,15,04,02,5.62
5045,9,9,2013,15,23,02,5.66
5045,9,9,2013,17,29,21,5.66
5045,9,10,2013,5,29,21,5.66
5045,9,10,2013,11,27,23,5.70
5045,9,10,2013,11,29,22,5.70
5045,9,10,2013,11,53,43,5.74
5045,9,10,2013,17,29,22,5.74
5045,9,10,2013,23,29,22,5.74
5045,9,11,2013,5,29,22,5.74
5045,9,11,2013,11,29,22,5.74
5045,9,11,2013,17,29,22,5.74
5045,9,11,2013,23,29,22,5.74
5045,9,12,2013,5,29,22,5.74
5045,9,12,2013,11,29,22,5.74
5045,9,12,2013,17,29,22,5.74
5045,9,12,2013,23,29,23,5.74
5045,9,13,2013,5,29,23,5.74
5045,9,13,2013,11,29,23,5.74
5045,9,13,2013,17,29,23,5.74
5045,9,13,2013,23,29,23,5.74
5045,9,14,2013,5,29,23,5.74
5045,9,14,2013,11,29,23,5.74
5045,9,14,2013,17,29,23,5.74
5045,9,14,2013,23,29,23,5.74
5045,9,15,2013,5,29,23,5.74
5045,9,15,2013,11,29,23,5.74
5045,9,15,2013,17,29,23,5.74
5045,9,15,2013,23,29,23,5.74
5045,9,16,2013,5,29,24,5.74
5045,9,16,2013,11,29,23,5.74
5045,9,16,2013,17,29,23,5.74
5045,9,16,2013,23,29,23,5.74
5045,9,17,2013,5,29,23,5.74
5045,9,17,2013,11,29,24,5.74
5045,9,17,2013,17,29,24,5.74
5045,9,17,2013,23,29,24,5.74
5045,9,18,2013,11,29,24,5.74
5045,9,18,2013,17,29,24,5.74
5045,9,18,2013,23,29,24,5.74
5045,9,19,2013,5,29,24,5.74
5045,9,19,2013,11,29,24,5.74
5045,9,19,2013,17,29,24,5.74
5045,9,19,2013,23,29,24,5.74
5045,9,20,2013,5,29,25,5.74
5045,9,20,2013,11,29,25,5.74
5045,9,20,2013,23,29,24,5.74
5045,9,25,2013,13,50,41,5.74
5045,9,25,2013,19,50,41,5.74
5045,9,26,2013,1,50,41,5.74
5045,9,26,2013,7,50,40,5.74
5045,9,26,2013,13,50,40,5.74
5045,9,26,2013,19,50,39,5.74
5045,9,27,2013,1,50,39,5.74
5045,9,27,2013,7,50,39,5.74
5045,9,27,2013,19,50,38,5.74
5045,9,28,2013,1,50,37,5.74
5045,9,28,2013,7,50,37,5.74
5045,9,28,2013,19,50,36,5.74
5045,9,29,2013,1,50,36,5.74
5045,9,29,2013,7,50,36,5.74
5045,9,29,2013,19,50,35,5.74
5045,9,30,2013,1,50,35,5.74
5045,9,30,2013,7,50,34,5.74
5045,9,30,2013,13,50,34,5.74
5045,9,30,2013,19,50,34,5.74
5045,10,1,2013,0,01,34,0.00
5045,10,1,2013,13,50,32,0.00
5045,10,1,2013,19,50,32,0.00
5045,10,2,2013,1,50,31,0.00
5045,10,2,2013,19,50,32,0.00
5045,10,3,2013,1,50,32,0.00
5045,10,3,2013,7,50,32,0.00
5045,10,3,2013,13,50,32,0.00
5045,10,3,2013,19,50,32,0.00
5045,10,4,2013,1,50,47,0.00
5045,10,4,2013,7,50,47,0.00
5045,10,4,2013,13,50,46,0.00
5045,10,4,2013,19,50,46,0.00
5045,10,5,2013,1,50,46,0.00
5045,10,5,2013,7,50,45,0.00
5045,10,5,2013,13,50,45,0.00
5045,10,5,2013,19,50,44,0.00
5045,10,6,2013,1,50,44,0.00
5045,10,6,2013,7,50,43,0.00
5045,10,6,2013,13,50,43,0.00
5045,10,6,2013,19,50,43,0.00
5045,10,7,2013,1,50,42,0.00
5045,10,7,2013,7,50,42,0.00
5045,10,7,2013,13,50,41,0.00
5045,10,7,2013,19,50,41,0.00
5045,10,8,2013,1,50,41,0.00
5045,10,8,2013,7,50,40,0.00
5045,10,8,2013,13,50,40,0.00
5045,10,8,2013,19,50,39,0.00
5045,10,9,2013,1,50,39,0.00
5045,10,9,2013,7,50,38,0.00
5045,10,9,2013,13,50,38,0.00
5045,10,9,2013,19,50,38,0.00
5045,10,10,2013,1,50,38,0.00
5045,10,10,2013,6,02,38,0.03
5045,10,10,2013,6,12,38,0.07
5045,10,10,2013,7,50,37,0.07
5045,10,10,2013,13,50,37,0.07
5045,10,10,2013,19,50,36,0.07
5045,10,11,2013,1,50,36,0.07
5045,10,11,2013,7,50,36,0.07
5045,10,11,2013,13,50,37,0.07
5045,10,11,2013,19,50,37,0.07
5045,10,12,2013,1,50,37,0.07
5045,10,12,2013,7,50,37,0.07
5045,10,12,2013,13,50,37,0.07
5045,10,12,2013,19,50,37,0.07
5045,10,13,2013,1,50,52,0.07
5045,10,13,2013,7,50,52,0.07
5045,10,13,2013,13,50,51,0.07
5045,10,13,2013,19,50,51,0.07
5045,10,14,2013,1,50,51,0.07
5045,10,14,2013,7,50,50,0.07
5045,10,14,2013,13,50,50,0.07
5045,10,14,2013,19,50,49,0.07
5045,10,15,2013,1,50,49,0.07
5045,10,15,2013,7,50,48,0.07
5045,10,15,2013,13,50,48,0.07
5045,10,15,2013,19,50,47,0.07
5045,10,16,2013,1,50,47,0.07
5045,10,16,2013,7,50,47,0.07
5045,10,16,2013,13,50,46,0.07
5045,10,16,2013,19,50,46,0.07
5045,10,17,2013,1,50,45,0.07
5045,10,17,2013,7,50,45,0.07
5045,10,17,2013,13,50,45,0.07
5045,10,17,2013,19,50,44,0.07
5045,10,18,2013,1,50,44,0.07
5045,10,19,2013,1,50,42,0.07
5045,10,19,2013,7,50,43,0.07
5045,10,19,2013,13,50,42,0.07
5045,10,19,2013,19,50,41,0.07
5045,10,20,2013,13,50,42,0.07
5045,10,20,2013,19,50,42,0.07
5045,10,21,2013,1,50,42,0.07
5045,10,21,2013,7,50,42,0.07
5045,10,21,2013,13,50,42,0.07
5045,10,21,2013,19,50,57,0.07
5045,10,22,2013,1,50,57,0.07
5045,10,22,2013,7,50,56,0.07
5045,10,22,2013,13,50,56,0.07
5045,10,22,2013,19,50,55,0.07
5045,10,23,2013,1,50,55,0.07
5045,10,23,2013,7,50,55,0.07
5045,10,23,2013,13,50,54,0.07
5045,10,23,2013,19,50,54,0.07
5045,10,24,2013,1,50,53,0.07
5045,10,24,2013,7,50,53,0.07
5045,10,24,2013,13,50,53,0.07
5045,10,24,2013,19,50,52,0.07
5045,10,25,2013,1,50,52,0.07
5045,10,25,2013,7,50,52,0.07
5045,10,25,2013,13,50,51,0.07
5045,10,25,2013,19,50,50,0.07
5045,10,26,2013,1,50,51,0.07
5045,10,26,2013,7,50,50,0.07
5045,10,26,2013,13,50,50,0.07
5045,10,26,2013,19,50,49,0.07
5045,10,27,2013,1,50,49,0.07
5045,10,27,2013,13,50,48,0.07
5045,10,27,2013,19,50,48,0.07
5045,10,28,2013,1,50,47,0.07
5045,10,28,2013,7,50,47,0.07
5045,10,28,2013,13,50,46,0.07
5045,10,28,2013,19,50,47,0.07
5045,10,29,2013,7,50,46,0.07
5045,10,29,2013,13,50,46,0.07
5045,10,29,2013,19,50,47,0.07
5045,10,30,2013,1,50,47,0.07
5045,10,30,2013,7,50,47,0.07
5045,10,30,2013,13,50,47,0.07
5045,10,30,2013,19,51,02,0.07
5045,10,31,2013,1,51,01,0.07
5045,10,31,2013,7,51,01,0.07
5045,10,31,2013,13,51,01,0.07
5045,10,31,2013,19,51,00,0.07
5045,11,1,2013,1,51,00,0.07
5045,11,1,2013,7,51,00,0.07
5045,11,1,2013,13,50,59,0.07
5045,11,1,2013,19,50,59,0.07
5045,11,2,2013,1,50,59,0.07
5045,11,2,2013,7,50,58,0.07
5045,11,2,2013,13,50,57,0.07
5045,11,2,2013,19,50,58,0.07
5045,11,3,2013,1,50,56,0.07
5045,11,3,2013,7,50,56,0.07
5045,11,3,2013,13,50,56,0.07
5045,11,3,2013,19,50,55,0.07
5045,11,4,2013,1,50,55,0.07
5045,11,4,2013,7,50,54,0.07
5045,11,4,2013,13,50,54,0.07
5045,11,4,2013,19,50,53,0.07
5045,11,5,2013,1,50,53,0.07
5045,11,5,2013,7,50,53,0.07
5045,11,5,2013,13,50,53,0.07
5045,11,5,2013,19,50,52,0.07
5045,11,6,2013,7,50,51,0.07
5045,11,6,2013,13,50,51,0.07
5045,11,7,2013,1,50,52,0.07
5045,11,7,2013,7,50,52,0.07
5045,11,7,2013,13,50,52,0.07
5045,11,7,2013,19,50,52,0.07
5045,11,8,2013,1,50,52,0.07
5045,11,8,2013,7,51,07,0.07
5045,11,8,2013,13,51,07,0.07
5045,11,8,2013,19,51,07,0.07
5045,11,9,2013,1,51,07,0.07
5045,11,9,2013,7,51,06,0.07
5045,11,9,2013,13,51,06,0.07
5045,11,9,2013,19,51,05,0.07
5045,11,10,2013,1,51,05,0.07
5045,11,10,2013,7,51,04,0.07
5045,11,10,2013,13,51,04,0.07
5045,11,10,2013,19,51,04,0.07
5045,11,11,2013,1,51,03,0.07
5045,11,11,2013,7,51,03,0.07
5045,11,11,2013,13,51,02,0.07
5045,11,11,2013,19,51,02,0.07
5045,11,12,2013,1,51,01,0.07
5045,11,12,2013,7,51,01,0.07
5045,11,12,2013,13,51,00,0.07
5045,11,12,2013,19,51,00,0.07
5045,11,13,2013,1,50,59,0.07
5045,11,13,2013,7,50,59,0.07
5045,11,13,2013,13,50,59,0.07
5045,11,13,2013,19,50,58,0.07
5045,11,14,2013,1,50,58,0.07
5045,11,14,2013,7,50,58,0.07
5045,11,14,2013,13,50,57,0.07
5045,11,14,2013,19,50,57,0.07
5045,11,15,2013,7,50,57,0.07
5045,11,15,2013,13,50,57,0.07
5045,11,15,2013,19,50,57,0.07
5045,11,16,2013,1,50,57,0.07
5045,11,16,2013,7,50,57,0.07
5045,11,16,2013,19,50,58,0.07
5045,11,17,2013,1,51,13,0.07
5045,11,17,2013,7,51,13,0.07
5045,11,17,2013,13,51,12,0.07
5045,11,17,2013,19,51,12,0.07
5045,11,18,2013,1,51,11,0.07
5045,11,18,2013,7,51,11,0.07
5045,11,18,2013,13,51,11,0.07
5045,11,18,2013,19,51,11,0.07
5045,11,19,2013,1,51,10,0.07
5045,11,19,2013,7,51,09,0.07
5045,11,19,2013,13,51,09,0.07
5045,11,19,2013,19,51,09,0.07
5045,11,20,2013,1,51,08,0.07
5045,11,20,2013,7,51,08,0.07
5045,11,20,2013,13,51,08,0.07
5045,11,20,2013,19,51,07,0.07
5045,11,21,2013,1,51,06,0.07
5045,11,21,2013,7,51,06,0.07
5045,11,21,2013,13,51,06,0.07
5045,11,21,2013,19,51,06,0.07
5045,11,21,2013,23,13,45,0.11
5045,11,21,2013,23,26,25,0.15
5045,11,21,2013,23,54,05,0.23
5045,11,22,2013,0,50,44,0.27
5045,11,22,2013,1,06,25,0.31
5045,11,22,2013,1,32,25,0.35
5045,11,22,2013,1,53,04,0.39
5045,11,22,2013,2,41,55,0.47
5045,11,22,2013,2,43,44,0.55
5045,11,22,2013,2,47,45,0.59
5045,11,22,2013,3,02,44,0.62
5045,11,22,2013,3,15,46,0.66
5045,11,22,2013,5,00,06,0.74
5045,11,22,2013,5,18,06,0.78
5045,11,22,2013,5,44,05,0.82
5045,11,22,2013,6,06,45,0.86
5045,11,22,2013,6,22,45,0.90
5045,11,22,2013,6,47,24,0.94
5045,11,22,2013,7,15,04,0.98
5045,11,22,2013,7,37,04,1.02
5045,11,22,2013,7,51,04,1.02
5045,11,22,2013,8,05,03,1.06
5045,11,22,2013,8,49,48,1.10
5045,11,22,2013,9,24,04,1.14
5045,11,22,2013,9,47,26,1.18
5045,11,22,2013,10,08,04,1.22
5045,11,22,2013,10,20,24,1.25
5045,11,22,2013,10,53,23,1.29
5045,11,22,2013,11,07,07,1.33
5045,11,22,2013,11,23,44,1.37
5045,11,22,2013,11,54,04,1.41
5045,11,22,2013,12,53,24,1.49
5045,11,22,2013,13,21,44,1.53
5045,11,22,2013,13,51,04,1.53
5045,11,22,2013,13,57,04,1.57
5045,11,22,2013,14,25,06,1.61
5045,11,22,2013,14,41,24,1.65
5045,11,22,2013,15,06,04,1.69
5045,11,22,2013,15,26,24,1.73
5045,11,22,2013,15,58,03,1.77
5045,11,22,2013,16,25,44,1.81
5045,11,22,2013,16,47,43,1.85
5045,11,22,2013,17,28,43,1.92
5045,11,22,2013,17,48,23,1.96
5045,11,22,2013,18,22,03,2.00
5045,11,22,2013,18,45,03,2.04
5045,11,22,2013,19,03,23,2.08
5045,11,22,2013,19,25,43,2.12
5045,11,22,2013,19,51,04,2.12
5045,11,22,2013,20,16,05,2.16
5045,11,22,2013,20,38,03,2.20
5045,11,22,2013,20,53,45,2.24
5045,11,22,2013,22,13,43,2.28
5045,11,23,2013,1,51,04,2.28
5045,11,23,2013,7,51,03,2.28
5045,11,23,2013,13,51,02,2.28
5045,11,23,2013,14,03,22,2.32
5045,11,23,2013,14,44,03,2.36
5045,11,23,2013,19,30,41,2.40
5045,11,23,2013,19,51,02,2.40
5045,11,23,2013,20,14,42,2.44
5045,11,23,2013,20,33,41,2.48
5045,11,23,2013,20,49,20,2.51
5045,11,24,2013,0,12,21,2.55
5045,11,24,2013,1,06,01,2.59
5045,11,24,2013,1,51,02,2.59
5045,11,24,2013,7,51,02,2.59
5045,11,24,2013,13,51,02,2.59
5045,11,24,2013,19,51,03,2.59
5045,11,25,2013,7,51,18,2.59
5045,11,25,2013,13,51,19,2.59
5045,11,25,2013,19,51,18,2.59
5045,11,26,2013,1,51,17,2.59
5045,11,26,2013,7,51,17,2.59
5045,11,26,2013,13,51,16,2.59
5045,11,26,2013,19,51,16,2.59
5045,11,27,2013,1,51,16,2.59
5045,11,27,2013,7,51,15,2.59
5045,11,27,2013,13,51,15,2.59
5045,11,27,2013,19,51,14,2.59
5045,11,28,2013,1,51,14,2.59
5045,11,28,2013,7,51,13,2.59
5045,11,28,2013,13,51,13,2.59
5045,11,29,2013,7,51,12,2.59
5045,11,29,2013,13,51,11,2.59
5045,11,29,2013,19,51,11,2.59
5045,11,30,2013,1,51,11,2.59
5045,11,30,2013,7,51,10,2.59
5045,11,30,2013,13,51,10,2.59
5045,11,30,2013,19,51,10,2.59
5045,12,1,2013,1,51,09,2.59
5045,12,1,2013,7,51,09,2.59
5045,12,1,2013,13,51,08,2.59
5045,12,1,2013,19,51,09,2.59
5045,12,2,2013,7,51,09,2.59
5045,12,2,2013,13,51,09,2.59
5045,12,2,2013,19,51,09,2.59
5045,12,3,2013,1,51,25,2.59
5045,12,3,2013,7,51,25,2.59
5045,12,3,2013,13,51,25,2.59
5045,12,4,2013,1,51,24,2.59
5045,12,4,2013,7,51,23,2.59
5045,12,4,2013,13,51,23,2.59
5045,12,4,2013,19,51,23,2.59
5045,12,5,2013,1,51,22,2.59
5045,12,5,2013,7,51,21,2.59
5045,12,5,2013,13,51,21,2.59
5045,12,5,2013,19,51,21,2.59
5045,12,6,2013,1,51,20,2.59
5045,12,6,2013,7,51,20,2.59
5045,12,6,2013,19,51,19,2.59
5045,12,7,2013,1,51,20,2.59
5045,12,7,2013,7,51,18,2.59
5045,12,7,2013,13,51,18,2.59
5045,12,7,2013,19,51,18,2.59
5045,12,8,2013,1,51,17,2.59
5045,12,8,2013,7,51,17,2.59
5045,12,8,2013,13,51,17,2.59
5045,12,8,2013,19,51,16,2.59
5045,12,9,2013,1,51,16,2.59
5045,12,9,2013,7,51,16,2.59
5045,12,9,2013,13,51,16,2.59
5045,12,9,2013,19,51,16,2.59
5045,12,10,2013,1,51,17,2.59
5045,12,10,2013,7,51,33,2.59
5045,12,10,2013,13,51,17,2.59
5045,12,10,2013,19,51,32,2.59
5045,12,11,2013,1,51,32,2.59
5045,12,11,2013,7,51,32,2.59
5045,12,11,2013,13,51,31,2.59
5045,12,11,2013,19,51,31,2.59
5045,12,12,2013,1,51,30,2.59
5045,12,12,2013,7,51,30,2.59
5045,12,12,2013,13,51,29,2.59
5045,12,12,2013,19,51,29,2.59
5045,12,13,2013,1,51,28,2.59
5045,12,13,2013,7,51,28,2.59
5045,12,13,2013,19,51,27,2.59
5045,12,14,2013,1,51,27,2.59
5045,12,14,2013,7,51,26,2.59
5045,12,14,2013,13,51,26,2.59
5045,12,14,2013,19,51,26,2.59
5045,12,15,2013,1,51,25,2.59
5045,12,15,2013,7,51,25,2.59
5045,12,15,2013,13,51,25,2.59
5045,12,15,2013,19,51,25,2.59
5045,12,16,2013,1,51,24,2.59
5045,12,16,2013,7,51,23,2.59
5045,12,16,2013,13,51,23,2.59
5045,12,16,2013,19,51,24,2.59
5045,12,17,2013,1,51,24,2.59
5045,12,17,2013,7,51,24,2.59
5045,12,17,2013,13,51,24,2.59
5045,12,18,2013,1,51,40,2.59
5045,12,18,2013,7,51,40,2.59
5045,12,18,2013,13,51,39,2.59
5045,12,18,2013,19,51,39,2.59
5045,12,19,2013,1,51,38,2.59
5045,12,19,2013,7,51,38,2.59
5045,12,19,2013,13,51,38,2.59
5045,12,19,2013,19,51,37,2.59
5045,12,20,2013,1,51,37,2.59
5045,12,20,2013,3,21,56,2.63
5045,12,20,2013,3,32,25,2.67
5045,12,20,2013,3,51,36,2.71
5045,12,20,2013,4,04,51,2.75
5045,12,20,2013,4,05,13,2.79
5045,12,20,2013,4,14,36,2.83
5045,12,20,2013,7,51,36,2.83
5045,12,20,2013,19,51,35,2.83
5045,12,21,2013,1,52,03,2.83
5045,12,21,2013,7,51,36,2.83
5045,12,21,2013,13,51,36,2.83
5045,12,21,2013,19,51,35,2.83
5045,12,22,2013,1,51,35,2.83
5045,12,22,2013,7,51,34,2.83
5045,12,22,2013,13,51,33,2.83
5045,12,22,2013,19,51,33,2.83
5045,12,23,2013,7,51,33,2.83
5045,12,23,2013,13,51,32,2.83
5045,12,23,2013,19,51,32,2.83
5045,12,24,2013,1,51,31,2.83
5045,12,24,2013,19,51,31,2.83
5045,12,25,2013,7,51,32,2.83
5045,12,25,2013,13,51,32,2.83
5045,12,26,2013,7,52,48,2.83
5045,12,26,2013,19,52,48,2.83
5045,12,27,2013,7,51,46,2.83
5045,12,27,2013,13,55,03,2.83
5045,12,28,2013,1,51,45,2.83
5045,12,28,2013,7,51,45,2.83
5045,12,28,2013,13,51,45,2.83
5045,12,28,2013,19,51,44,2.83
5045,12,29,2013,1,51,43,2.83
5045,12,29,2013,7,51,43,2.83
5045,12,29,2013,13,51,42,2.83
5045,12,29,2013,19,51,42,2.83
5045,12,30,2013,1,51,41,2.83
5045,12,30,2013,7,51,41,2.83
5045,12,30,2013,13,51,40,2.83
5045,12,31,2013,1,51,40,2.83
5045,12,31,2013,13,51,39,2.83
5045,1,1,2014,1,51,39,2.83
5045,1,1,2014,7,51,39,2.83
5045,1,1,2014,13,51,40,2.83
5045,1,1,2014,19,51,40,2.83
5045,1,2,2014,1,51,56,2.83
5045,1,2,2014,7,51,55,2.83
5045,1,2,2014,13,51,55,2.83
5045,1,2,2014,19,51,55,2.83
5045,1,3,2014,1,51,54,2.83
5045,1,3,2014,7,51,54,2.83
5045,1,3,2014,13,51,54,2.83
5045,1,3,2014,19,51,53,2.83
5045,1,4,2014,1,51,52,2.83
5045,1,4,2014,7,51,52,2.83
5045,1,4,2014,13,51,52,2.83
5045,1,4,2014,19,51,51,2.83
5045,1,5,2014,1,51,51,2.83
5045,1,5,2014,7,51,50,2.83
5045,1,5,2014,13,51,50,2.83
5045,1,5,2014,19,51,49,2.83
5045,1,6,2014,1,51,49,2.83
5045,1,6,2014,7,51,49,2.83
5045,1,6,2014,13,51,48,2.83
5045,1,7,2014,1,51,47,2.83
5045,1,7,2014,13,51,47,2.83
5045,1,7,2014,19,51,47,2.83
5045,1,8,2014,7,51,46,2.83
5045,1,8,2014,13,51,47,2.83
5045,1,8,2014,19,51,47,2.83
5045,1,9,2014,7,52,03,2.83
5045,1,9,2014,13,52,03,2.83
5045,1,9,2014,19,52,03,2.83
5045,1,10,2014,1,52,02,2.83
5045,1,10,2014,7,52,03,2.83
5045,1,10,2014,19,52,01,2.83
5045,1,11,2014,1,52,01,2.83
5045,1,11,2014,7,52,00,2.83
5045,1,11,2014,13,52,00,2.83
5045,1,11,2014,19,51,59,2.83
5045,1,12,2014,1,51,59,2.83
5045,1,12,2014,7,51,57,2.83
5045,1,12,2014,13,51,57,2.83
5045,1,12,2014,19,51,56,2.83
5045,1,13,2014,1,51,56,2.83
5045,1,13,2014,7,51,56,2.83
5045,1,13,2014,13,51,55,2.83
5045,1,13,2014,19,51,55,2.83
5045,1,14,2014,1,51,54,2.83
5045,1,14,2014,7,51,54,2.83
5045,1,14,2014,13,51,54,2.83
5045,1,14,2014,19,51,53,2.83
5045,1,15,2014,1,51,53,2.83
5045,1,15,2014,7,51,53,2.83
5045,1,15,2014,13,51,53,2.83
5045,1,16,2014,1,51,54,2.83
5045,1,16,2014,7,51,54,2.83
5045,1,16,2014,13,52,10,2.83
5045,1,16,2014,19,51,54,2.83
5045,1,17,2014,1,52,09,2.83
5045,1,17,2014,7,52,09,2.83
5045,1,17,2014,13,52,08,2.83
5045,1,18,2014,1,52,08,2.83
5045,1,18,2014,9,59,47,2.83
5045,1,18,2014,13,52,07,2.83
5045,1,18,2014,19,52,06,2.83
5045,1,19,2014,1,52,06,2.83
5045,1,19,2014,7,52,06,2.83
5045,1,19,2014,13,52,05,2.83
5045,1,19,2014,19,52,05,2.83
5045,1,20,2014,1,52,04,2.83
5045,1,20,2014,7,52,04,2.83
5045,1,20,2014,13,52,03,2.83
5045,1,20,2014,19,52,03,2.83
5045,1,21,2014,1,52,03,2.83
5045,1,21,2014,7,52,03,2.83
5045,1,21,2014,13,52,02,2.83
5045,1,21,2014,19,52,01,2.83
5045,1,22,2014,1,52,01,2.83
5045,1,22,2014,7,52,01,2.83
5045,1,22,2014,13,52,00,2.83
5045,1,22,2014,19,52,01,2.83
5045,1,23,2014,1,51,59,2.83
5045,1,23,2014,7,52,00,2.83
5045,1,23,2014,13,52,00,2.83
5045,1,23,2014,19,52,00,2.83
5045,1,24,2014,1,52,01,2.83
5045,1,24,2014,13,52,01,2.83
5045,1,24,2014,19,52,16,2.83
5045,1,25,2014,1,52,16,2.83
5045,1,25,2014,7,52,16,2.83
5045,1,25,2014,13,52,16,2.83
5045,1,25,2014,19,52,15,2.83
5045,1,26,2014,1,52,14,2.83
5045,1,26,2014,7,52,14,2.83
5045,1,26,2014,13,52,13,2.83
5045,1,26,2014,19,52,14,2.83
5045,1,27,2014,1,52,12,2.83
5045,1,27,2014,7,52,12,2.83
5045,1,27,2014,13,52,12,2.83
5045,1,27,2014,19,52,11,2.83
5045,1,28,2014,1,52,11,2.83
5045,1,28,2014,13,52,11,2.83
5045,1,28,2014,19,52,09,2.83
5045,1,29,2014,1,52,09,2.83
5045,1,29,2014,7,52,09,2.83
5045,1,29,2014,13,52,08,2.83
5045,1,29,2014,19,52,09,2.83
5045,1,30,2014,1,52,07,2.83
5045,1,30,2014,7,52,07,2.83
5045,1,30,2014,13,52,07,2.83
5045,1,30,2014,19,52,07,2.83
5045,1,31,2014,1,52,06,2.83
5045,1,31,2014,13,52,06,2.83
5045,1,31,2014,19,52,06,2.83
5045,2,1,2014,1,52,07,2.83
5045,2,1,2014,7,52,07,2.83
5045,2,1,2014,13,52,07,2.83
5045,2,1,2014,19,52,07,2.83
5045,2,2,2014,1,52,22,2.83
5045,2,2,2014,7,52,22,2.83
5045,2,2,2014,13,52,21,2.83
5045,2,2,2014,19,52,21,2.83
5045,2,3,2014,1,52,21,2.83
5045,2,3,2014,7,52,20,2.83
5045,2,3,2014,13,52,20,2.83
5045,2,3,2014,19,52,20,2.83
5045,2,4,2014,1,52,19,2.83
5045,2,4,2014,7,52,18,2.83
5045,2,4,2014,13,52,19,2.83
5045,2,4,2014,19,52,18,2.83
5045,2,5,2014,1,52,17,2.83
5045,2,5,2014,7,52,17,2.83
5045,2,5,2014,13,52,16,2.83
5045,2,5,2014,19,52,16,2.83
5045,2,6,2014,1,52,16,2.83
5045,2,6,2014,13,52,15,2.83
5045,2,6,2014,19,52,14,2.83
5045,2,7,2014,1,52,14,2.83
5045,2,7,2014,7,52,14,2.83
5045,2,7,2014,13,52,13,2.83
5045,2,7,2014,19,52,13,2.83
5045,2,8,2014,1,52,13,2.83
5045,2,8,2014,7,52,13,2.83
5045,2,8,2014,19,52,13,2.83
5045,2,9,2014,1,52,14,2.83
5045,2,9,2014,7,52,14,2.83
5045,2,9,2014,13,52,14,2.83
5045,2,9,2014,19,52,29,2.83
5045,2,10,2014,1,52,29,2.83
5045,2,10,2014,7,52,28,2.83
5045,2,10,2014,13,52,28,2.83
5045,2,10,2014,19,52,28,2.83
5045,2,11,2014,7,52,27,2.83
5045,2,11,2014,13,52,27,2.83
5045,2,11,2014,19,52,26,2.83
5045,2,12,2014,1,52,25,2.83
5045,2,12,2014,7,52,25,2.83
5045,2,12,2014,13,52,25,2.83
5045,2,12,2014,19,52,24,2.83
5045,2,13,2014,1,52,24,2.83
5045,2,13,2014,7,52,19,2.83
5045,2,13,2014,13,52,18,2.83
5045,2,13,2014,19,52,18,2.83
5045,2,14,2014,1,52,17,2.83
5045,2,14,2014,7,52,18,2.83
5045,2,14,2014,13,52,18,2.83
5045,2,14,2014,19,52,18,2.83
5045,2,15,2014,1,52,18,2.83
5045,2,15,2014,7,52,18,2.83
5045,2,15,2014,13,52,19,2.83
5045,2,15,2014,19,52,34,2.83
5045,2,16,2014,1,52,34,2.83
5045,2,16,2014,7,52,33,2.83
5045,2,16,2014,13,52,33,2.83
5045,2,16,2014,19,52,32,2.83
5045,2,17,2014,1,52,32,2.83
5045,2,17,2014,7,52,32,2.83
5045,2,17,2014,13,52,31,2.83
5045,2,17,2014,19,52,31,2.83
5045,2,18,2014,1,52,30,2.83
5045,2,18,2014,7,52,30,2.83
5045,2,18,2014,19,52,30,2.83
5045,2,19,2014,1,52,30,2.83
5045,2,19,2014,7,52,29,2.83
5045,2,19,2014,13,52,28,2.83
5045,2,19,2014,19,52,27,2.83
5045,2,20,2014,1,52,27,2.83
5045,2,20,2014,7,52,27,2.83
5045,2,20,2014,13,52,26,2.83
5045,2,20,2014,19,52,26,2.83
5045,2,21,2014,1,52,26,2.83
5045,2,21,2014,7,52,25,2.83
5045,2,21,2014,13,52,25,2.83
5045,2,21,2014,19,52,25,2.83
5045,2,22,2014,1,52,24,2.83
5045,2,22,2014,7,52,24,2.83
5045,2,22,2014,13,52,23,2.83
5045,2,22,2014,19,52,23,2.83
5045,2,23,2014,1,52,23,2.83
5045,2,23,2014,7,52,24,2.83
5045,2,23,2014,13,52,24,2.83
5045,2,23,2014,19,52,24,2.83
5045,2,24,2014,1,52,24,2.83
5045,2,24,2014,7,52,40,2.83
5045,2,24,2014,9,11,40,2.83
5045,2,24,2014,10,31,01,2.83
5045,2,24,2014,16,29,01,2.83
5045,2,24,2014,22,29,01,2.83
5045,2,25,2014,4,29,00,2.83
5045,2,25,2014,10,29,00,2.83
5045,2,25,2014,16,29,00,2.83
5045,2,25,2014,22,29,00,2.83
5045,2,26,2014,4,29,00,2.83
5045,2,26,2014,10,29,00,2.83
5045,2,26,2014,16,29,00,2.83
5045,2,26,2014,22,29,15,2.83
5045,2,27,2014,16,29,14,2.83
5045,2,27,2014,22,29,14,2.83
5045,2,28,2014,10,29,13,2.83
5045,2,28,2014,16,29,12,2.83
5045,2,28,2014,22,29,12,2.83
5045,3,1,2014,4,29,12,2.83
5045,3,1,2014,9,21,13,2.87
5045,3,1,2014,9,37,12,2.91
5045,3,1,2014,10,01,31,3.03
5045,3,1,2014,10,02,51,3.07
5045,3,1,2014,10,04,12,3.11
5045,3,1,2014,10,06,32,3.14
5045,3,1,2014,10,20,13,3.18
5045,3,1,2014,10,29,12,3.18
5045,3,1,2014,14,14,31,3.22
5045,3,1,2014,14,18,31,3.26
5045,3,1,2014,14,19,54,3.30
5045,3,1,2014,14,21,31,3.34
5045,3,1,2014,14,22,51,3.38
5045,3,1,2014,14,23,51,3.42
5045,3,1,2014,14,24,35,3.46
5045,3,1,2014,14,25,31,3.50
5045,3,1,2014,14,26,13,3.54
5045,3,1,2014,14,28,12,3.58
5045,3,1,2014,14,29,31,3.62
5045,3,1,2014,14,30,52,3.66
5045,3,1,2014,16,29,11,3.66
5045,3,1,2014,17,55,32,3.70
5045,3,1,2014,17,59,31,3.74
5045,3,1,2014,18,00,53,3.77
5045,3,1,2014,18,02,31,3.81
5045,3,1,2014,18,05,12,3.85
5045,3,1,2014,18,06,12,3.89
5045,3,1,2014,18,09,34,3.93
5045,3,1,2014,18,11,51,3.97
5045,3,1,2014,18,13,32,4.01
5045,3,1,2014,18,15,11,4.05
5045,3,1,2014,18,16,51,4.09
5045,3,1,2014,18,19,11,4.13
5045,3,1,2014,18,21,35,4.17
5045,3,1,2014,18,26,11,4.21
5045,3,1,2014,18,32,51,4.25
5045,3,1,2014,18,34,31,4.29
5045,3,1,2014,18,35,51,4.37
5045,3,1,2014,18,42,51,4.48
5045,3,1,2014,19,07,51,4.52
5045,3,1,2014,22,29,11,4.56
5045,3,2,2014,4,29,10,4.56
5045,3,2,2014,10,29,12,4.56
5045,3,2,2014,16,29,10,4.56
5045,3,2,2014,22,29,10,4.56
5045,3,3,2014,4,29,09,4.56
5045,3,3,2014,10,29,09,4.56
5045,3,3,2014,16,29,09,4.56
5045,3,3,2014,22,29,07,4.56
5045,3,4,2014,4,29,07,4.56
5045,3,4,2014,10,29,06,4.56
5045,3,4,2014,22,29,06,4.56
5045,3,5,2014,4,29,05,4.56
5045,3,5,2014,10,29,05,4.56
5045,3,5,2014,16,29,04,4.56
5045,3,6,2014,4,29,03,4.56
5045,3,6,2014,16,29,02,4.56
5045,3,6,2014,22,29,02,4.56
5045,3,7,2014,4,29,02,4.56
5045,3,7,2014,10,29,01,4.56
5045,3,7,2014,16,29,01,4.56
5045,3,7,2014,22,29,00,4.56
5045,3,8,2014,10,28,59,4.56
5045,3,8,2014,16,28,59,4.56
5045,3,8,2014,22,28,59,4.56
5045,3,9,2014,4,28,58,4.56
5045,3,9,2014,10,28,58,4.56
5045,3,9,2014,16,28,57,4.56
5045,3,9,2014,22,28,57,4.56
5045,3,10,2014,4,28,56,4.56
5045,3,10,2014,16,28,56,4.56
5045,3,10,2014,22,28,55,4.56
5045,3,11,2014,4,28,55,4.56
5045,3,11,2014,10,28,56,4.56
5045,3,11,2014,22,28,54,4.56
5045,3,12,2014,4,28,53,4.56
5045,3,12,2014,16,28,53,4.56
5045,3,12,2014,16,58,38,4.56
5045,3,12,2014,22,28,53,4.56
5045,3,13,2014,4,28,52,4.56
5045,3,13,2014,10,28,52,4.56
5045,3,13,2014,16,28,51,4.56
5045,3,13,2014,22,28,51,4.56
5045,3,14,2014,4,28,50,4.56
5045,3,14,2014,10,28,50,4.56
5045,3,14,2014,16,28,50,4.56
5045,3,15,2014,10,28,49,4.56
5045,3,16,2014,4,28,48,4.56
5045,3,16,2014,10,28,48,4.56
5045,3,16,2014,22,28,48,4.56
5045,3,17,2014,4,28,47,4.56
5045,3,17,2014,10,28,47,4.56
5045,3,17,2014,16,28,47,4.56
5045,3,17,2014,22,28,47,4.56
5045,3,18,2014,4,28,47,4.56
5045,3,18,2014,10,29,02,4.56
5045,3,18,2014,16,29,02,4.56
5045,3,18,2014,22,29,02,4.56
5045,3,19,2014,4,29,01,4.56
5045,3,19,2014,16,28,59,4.56
5045,3,20,2014,10,28,59,4.56
5045,3,20,2014,16,28,59,4.56
5045,3,20,2014,22,28,58,4.56
5045,3,21,2014,4,28,58,4.56
5045,3,21,2014,10,28,57,4.56
5045,3,21,2014,22,28,57,4.56
5045,3,22,2014,4,28,56,4.56
5045,3,22,2014,10,28,56,4.56
5045,3,22,2014,16,28,55,4.56
5045,3,22,2014,22,28,55,4.56
5045,3,23,2014,4,28,54,4.56
5045,3,23,2014,10,28,54,4.56
5045,3,23,2014,16,28,54,4.56
5045,3,23,2014,22,28,53,4.56
5045,3,24,2014,4,28,53,4.56
5045,3,24,2014,10,28,53,4.56
5045,3,24,2014,16,28,52,4.56
5045,3,24,2014,22,28,51,4.56
5045,3,25,2014,4,28,51,4.56
5045,3,25,2014,10,28,51,4.56
5045,3,25,2014,16,28,50,4.56
5045,3,25,2014,22,28,50,4.56
5045,3,26,2014,4,28,49,4.56
5045,3,26,2014,10,28,49,4.56
5045,3,26,2014,16,28,49,4.56
5045,3,26,2014,22,28,48,4.56
5045,3,27,2014,4,28,48,4.56
5045,3,27,2014,10,28,47,4.56
5045,3,27,2014,16,28,47,4.56
5045,3,27,2014,22,28,47,4.56
5045,3,28,2014,4,28,46,4.56
5045,3,28,2014,10,28,46,4.56
5045,3,28,2014,16,28,46,4.56
5045,3,28,2014,22,28,45,4.56
5045,3,29,2014,4,28,45,4.56
5045,3,29,2014,10,28,44,4.56
5045,3,29,2014,16,28,44,4.56
5045,3,29,2014,22,28,43,4.56
5045,3,30,2014,4,28,43,4.56
5045,3,30,2014,10,28,42,4.56
5045,3,30,2014,16,28,43,4.56
5045,3,30,2014,22,28,41,4.56
5045,3,31,2014,4,28,41,4.56
5045,3,31,2014,10,28,41,4.56
5045,3,31,2014,22,28,40,4.56
5045,4,1,2014,4,28,39,4.56
5045,4,1,2014,10,28,39,4.56
5045,4,1,2014,16,28,39,4.56
5045,4,1,2014,22,28,38,4.56
5045,4,2,2014,4,28,38,4.56
5045,4,2,2014,10,28,38,4.56
5045,4,2,2014,16,28,38,4.56
5045,4,2,2014,22,28,36,4.56
5045,4,3,2014,4,28,36,4.56
5045,4,3,2014,10,28,36,4.56
5045,4,3,2014,16,28,36,4.56
5045,4,3,2014,22,28,35,4.56
5045,4,4,2014,4,28,35,4.56
5045,4,4,2014,10,28,35,4.56
5045,4,4,2014,16,28,34,4.56
5045,4,4,2014,22,28,34,4.56
5045,4,5,2014,4,28,34,4.56
5045,4,5,2014,10,28,34,4.56
5045,4,5,2014,22,28,34,4.56
5045,4,6,2014,4,28,33,4.56
5045,4,6,2014,10,28,33,4.56
5045,4,6,2014,16,28,33,4.56
5045,4,6,2014,22,28,33,4.56
5045,4,7,2014,4,28,32,4.56
5045,4,7,2014,10,28,32,4.56
5045,4,7,2014,16,28,32,4.56
5045,4,7,2014,22,28,32,4.56
5045,4,8,2014,4,28,48,4.56
5045,4,8,2014,10,28,32,4.56
5045,4,8,2014,22,28,46,4.56
5045,4,9,2014,4,28,46,4.56
5045,4,9,2014,16,28,45,4.56
5045,4,9,2014,22,28,45,4.56
5045,4,10,2014,4,28,44,4.56
5045,4,10,2014,10,28,44,4.56
5045,4,10,2014,16,28,44,4.56
5045,4,10,2014,22,28,43,4.56
5045,4,11,2014,4,28,42,4.56
5045,4,11,2014,10,28,42,4.56
5045,4,11,2014,16,28,42,4.56
5045,4,11,2014,22,28,41,4.56
5045,4,12,2014,4,28,41,4.56
5045,4,12,2014,10,28,40,4.56
5045,4,12,2014,16,28,40,4.56
5045,4,12,2014,22,28,40,4.56
5045,4,13,2014,4,28,39,4.56
5045,4,13,2014,10,28,39,4.56
5045,4,13,2014,16,28,38,4.56
5045,4,13,2014,22,28,38,4.56
5045,4,14,2014,4,28,37,4.56
5045,4,14,2014,10,28,37,4.56
5045,4,14,2014,16,28,36,4.56
5045,4,14,2014,22,28,36,4.56
5045,4,15,2014,4,28,36,4.56
5045,4,15,2014,10,28,35,4.56
5045,4,15,2014,16,28,35,4.56
5045,4,15,2014,22,28,34,4.56
5045,4,16,2014,4,28,34,4.56
5045,4,16,2014,10,28,34,4.56
5045,4,16,2014,16,28,33,4.56
5045,4,16,2014,22,28,33,4.56
5045,4,17,2014,4,28,32,4.56
5045,4,17,2014,10,28,32,4.56
5045,4,17,2014,16,28,31,4.56
5045,4,17,2014,22,28,31,4.56
5045,4,18,2014,4,28,31,4.56
5045,4,18,2014,10,28,30,4.56
5045,4,18,2014,16,28,30,4.56
5045,4,18,2014,22,28,29,4.56
5045,4,19,2014,4,28,29,4.56
5045,4,19,2014,10,28,28,4.56
5045,4,19,2014,16,28,28,4.56
5045,4,19,2014,22,28,28,4.56
5045,4,20,2014,4,28,27,4.56
5045,4,20,2014,10,28,27,4.56
5045,4,20,2014,16,28,27,4.56
5045,4,20,2014,22,28,26,4.56
5045,4,21,2014,4,28,26,4.56
5045,4,21,2014,10,28,25,4.56
5045,4,21,2014,16,28,25,4.56
5045,4,21,2014,22,28,25,4.56
5045,4,22,2014,4,28,24,4.56
5045,4,22,2014,10,28,23,4.56
5045,4,22,2014,16,28,23,4.56
5045,4,22,2014,22,28,23,4.56
5045,4,23,2014,4,28,22,4.56
5045,4,23,2014,10,28,22,4.56
5045,4,23,2014,16,28,21,4.56
5045,4,23,2014,22,28,22,4.56
5045,4,24,2014,4,28,21,4.56
5045,4,24,2014,10,28,20,4.56
5045,4,24,2014,16,28,20,4.56
5045,4,24,2014,22,28,20,4.56
5045,4,25,2014,4,28,20,4.56
5045,4,25,2014,10,28,19,4.56
5045,4,25,2014,16,28,18,4.56
5045,4,26,2014,4,28,18,4.56
5045,4,26,2014,10,28,18,4.56
5045,4,26,2014,16,28,17,4.56
5045,4,26,2014,22,28,16,4.56
5045,4,27,2014,4,28,16,4.56
5045,4,27,2014,10,28,16,4.56
5045,4,27,2014,16,28,16,4.56
5045,4,27,2014,22,28,17,4.56
5045,4,28,2014,4,28,16,4.56
5045,4,28,2014,10,28,15,4.56
5045,4,28,2014,16,28,15,4.56
5045,4,28,2014,22,28,15,4.56
5045,4,29,2014,4,28,14,4.56
5045,4,29,2014,10,28,14,4.56
5045,4,29,2014,16,28,14,4.56
5045,4,29,2014,22,28,14,4.56
5045,4,30,2014,4,28,14,4.56
5045,4,30,2014,16,28,14,4.56
5045,4,30,2014,22,28,13,4.56
5045,5,1,2014,4,28,13,4.56
5045,5,1,2014,10,28,28,4.56
5045,5,1,2014,16,28,28,4.56
5045,5,1,2014,22,28,12,4.56
5045,5,2,2014,10,28,27,4.56
5045,5,2,2014,16,28,26,4.56
5045,5,2,2014,22,28,26,4.56
5045,5,3,2014,4,28,25,4.56
5045,5,3,2014,10,28,25,4.56
5045,5,3,2014,16,28,25,4.56
5045,5,3,2014,22,28,24,4.56
5045,5,4,2014,4,28,24,4.56
5045,5,4,2014,10,28,23,4.56
5045,5,4,2014,16,28,23,4.56
5045,5,4,2014,22,28,23,4.56
5045,5,5,2014,4,28,22,4.56
5045,5,5,2014,16,28,21,4.56
5045,5,5,2014,22,28,21,4.56
5045,5,6,2014,4,28,20,4.56
5045,5,6,2014,10,28,20,4.56
5045,5,6,2014,16,28,20,4.56
5045,5,6,2014,22,28,19,4.56
5045,5,7,2014,4,28,19,4.56
5045,5,7,2014,10,28,18,4.56
5045,5,7,2014,16,28,19,4.56
5045,5,7,2014,22,28,18,4.56
5045,5,8,2014,10,28,17,4.56
5045,5,8,2014,16,28,16,4.56
5045,5,8,2014,22,28,16,4.56
5045,5,9,2014,4,28,16,4.56
5045,5,9,2014,10,28,15,4.56
5045,5,9,2014,16,28,15,4.56
5045,5,9,2014,22,28,14,4.56
5045,5,10,2014,4,28,15,4.56
5045,5,10,2014,10,28,13,4.56
5045,5,10,2014,16,28,13,4.56
5045,5,10,2014,22,28,12,4.56
5045,5,11,2014,4,28,13,4.56
5045,5,11,2014,10,28,12,4.56
5045,5,11,2014,16,28,11,4.56
5045,5,11,2014,22,28,11,4.56
5045,5,12,2014,4,28,11,4.56
5045,5,12,2014,10,28,10,4.56
5045,5,12,2014,16,28,09,4.56
5045,5,12,2014,22,28,09,4.56
5045,5,13,2014,4,28,09,4.56
5045,5,13,2014,10,28,08,4.56
5045,5,13,2014,16,28,08,4.56
5045,5,13,2014,22,28,07,4.56
5045,5,14,2014,4,28,07,4.56
5045,5,14,2014,10,28,06,4.56
5045,5,14,2014,16,28,06,4.56
5045,5,14,2014,22,28,06,4.56
5045,5,15,2014,4,28,05,4.56
5045,5,15,2014,10,28,05,4.56
5045,5,15,2014,16,28,04,4.56
5045,5,15,2014,22,28,04,4.56
5045,5,16,2014,4,28,04,4.56
5045,5,16,2014,10,28,04,4.56
5045,5,16,2014,16,28,03,4.56
5045,5,16,2014,22,28,03,4.56
5045,5,17,2014,4,28,02,4.56
5045,5,17,2014,10,28,02,4.56
5045,5,17,2014,16,28,02,4.56
5045,5,17,2014,22,28,01,4.56
5045,5,18,2014,4,28,01,4.56
5045,5,18,2014,10,28,01,4.56
5045,5,18,2014,22,27,59,4.56
5045,5,19,2014,4,27,59,4.56
5045,5,19,2014,10,27,59,4.56
5045,5,19,2014,16,27,59,4.56
5045,5,19,2014,22,27,57,4.56
5045,5,20,2014,4,27,57,4.56
5045,5,20,2014,10,27,57,4.56
5045,5,20,2014,16,27,57,4.56
5045,5,20,2014,22,27,56,4.56
5045,5,21,2014,4,27,56,4.56
5045,5,21,2014,10,27,56,4.56
5045,5,21,2014,16,27,56,4.56
5045,5,21,2014,22,27,56,4.56
5045,5,22,2014,4,27,55,4.56
5045,5,22,2014,10,27,55,4.56
5045,5,22,2014,16,27,55,4.56
5045,5,22,2014,22,27,55,4.56
5045,5,23,2014,4,27,55,4.56
5045,5,23,2014,10,27,54,4.56
5045,5,23,2014,16,27,54,4.56
5045,5,23,2014,22,27,54,4.56
5045,5,24,2014,10,27,54,4.56
5045,5,24,2014,16,28,09,4.56
5045,5,24,2014,22,28,09,4.56
5045,5,25,2014,4,28,08,4.56
5045,5,25,2014,10,28,08,4.56
5045,5,25,2014,22,28,07,4.56
5045,5,26,2014,4,28,08,4.56
5045,5,26,2014,10,28,07,4.56
5045,5,26,2014,16,28,06,4.56
5045,5,26,2014,22,28,06,4.56
5045,5,27,2014,4,28,06,4.56
5045,5,27,2014,10,28,05,4.56
5045,5,27,2014,16,28,04,4.56
5045,5,27,2014,22,28,04,4.56
5045,5,28,2014,4,28,03,4.56
5045,5,28,2014,10,28,03,4.56
5045,5,28,2014,16,28,03,4.56
5045,5,28,2014,22,28,02,4.56
5045,5,29,2014,4,28,02,4.56
5045,5,29,2014,10,28,01,4.56
5045,5,29,2014,16,28,01,4.56
5045,5,29,2014,22,28,01,4.56
5045,5,30,2014,4,28,00,4.56
5045,5,30,2014,10,28,00,4.56
5045,5,30,2014,16,28,00,4.56
5045,5,30,2014,22,28,00,4.56
5045,5,31,2014,4,27,59,4.56
5045,5,31,2014,10,27,58,4.56
5045,5,31,2014,22,27,57,4.56
5045,6,1,2014,10,27,56,4.56
5045,6,1,2014,16,27,56,4.56
5045,6,2,2014,4,27,55,4.56
5045,6,2,2014,10,27,55,4.56
5045,6,2,2014,16,27,54,4.56
5045,6,2,2014,22,27,54,4.56
5045,6,3,2014,4,27,53,4.56
5045,6,3,2014,10,27,53,4.56
5045,6,3,2014,16,27,52,4.56
5045,6,3,2014,22,27,52,4.56
5045,6,4,2014,4,27,52,4.56
5045,6,4,2014,10,27,51,4.56
5045,6,4,2014,16,27,51,4.56
5045,6,4,2014,22,27,50,4.56
5045,6,5,2014,4,27,50,4.56
5045,6,5,2014,10,27,49,4.56
5045,6,5,2014,16,27,49,4.56
5045,6,5,2014,22,27,48,4.56
5045,6,6,2014,4,27,48,4.56
5045,6,6,2014,10,27,48,4.56
5045,6,6,2014,16,27,47,4.56
5045,6,6,2014,22,27,47,4.56
5045,6,7,2014,4,27,46,4.56
5045,6,7,2014,10,27,46,4.56
5045,6,7,2014,16,27,45,4.56
5045,6,7,2014,22,27,45,4.56
5045,6,8,2014,4,27,45,4.56
5045,6,8,2014,10,27,45,4.56
5045,6,8,2014,16,27,45,4.56
5045,6,8,2014,22,27,44,4.56
5045,6,9,2014,4,27,43,4.56
5045,6,9,2014,10,27,43,4.56
5045,6,9,2014,16,27,42,4.56
5045,6,9,2014,22,27,42,4.56
5045,6,10,2014,4,27,42,4.56
5045,6,10,2014,10,27,42,4.56
5045,6,10,2014,22,27,41,4.56
5045,6,11,2014,4,27,41,4.56
5045,6,11,2014,16,27,41,4.56
5045,6,11,2014,22,27,41,4.56
5045,6,12,2014,4,27,40,4.56
5045,6,12,2014,10,27,40,4.56
5045,6,12,2014,16,27,40,4.56
5045,6,12,2014,22,27,40,4.56
5045,6,13,2014,4,27,40,4.56
5045,6,13,2014,10,27,40,4.56
5045,6,13,2014,16,27,39,4.56
5045,6,13,2014,22,27,55,4.56
5045,6,14,2014,4,27,54,4.56
5045,6,14,2014,10,27,54,4.56
5045,6,14,2014,16,27,54,4.56
5045,6,14,2014,22,27,54,4.56
5045,6,15,2014,4,27,53,4.56
5045,6,15,2014,10,27,53,4.56
5045,6,15,2014,16,27,52,4.56
5045,6,15,2014,22,27,52,4.56
5045,6,16,2014,4,27,51,4.56
5045,6,16,2014,10,27,51,4.56
5045,6,16,2014,16,27,50,4.56
5045,6,16,2014,22,27,50,4.56
5045,6,17,2014,4,27,49,4.56
5045,6,17,2014,10,27,49,4.56
5045,6,17,2014,16,27,49,4.56
5045,6,17,2014,22,27,49,4.56
5045,6,18,2014,4,27,48,4.56
5045,6,18,2014,10,27,47,4.56
5045,6,18,2014,16,27,47,4.56
5045,6,18,2014,22,27,47,4.56
5045,6,19,2014,4,27,46,4.56
5045,6,19,2014,10,27,46,4.56
5045,6,19,2014,16,27,45,4.56
5045,6,19,2014,22,27,45,4.56
5045,6,20,2014,4,27,44,4.56
5045,6,20,2014,10,27,44,4.56
5045,6,20,2014,16,27,44,4.56
5045,6,20,2014,22,27,43,4.56
5045,6,21,2014,4,27,43,4.56
5045,6,21,2014,10,27,42,4.56
5045,6,21,2014,16,27,42,4.56
5045,6,21,2014,22,27,42,4.56
5045,6,22,2014,4,27,41,4.56
5045,6,22,2014,10,27,41,4.56
5045,6,22,2014,16,27,40,4.56
5045,6,22,2014,22,27,40,4.56
5045,6,23,2014,4,27,39,4.56
5045,6,23,2014,10,27,39,4.56
5045,6,23,2014,16,27,39,4.56
5045,6,23,2014,22,27,38,4.56
5045,6,24,2014,4,27,38,4.56
5045,6,24,2014,10,27,32,4.56
5045,6,24,2014,16,27,32,4.56
5045,6,24,2014,22,27,32,4.56
5045,6,25,2014,4,27,32,4.56
5045,6,25,2014,10,27,31,4.56
5045,6,25,2014,16,27,31,4.56
5045,6,25,2014,22,27,31,4.56
5045,6,26,2014,4,27,31,4.56
5045,6,26,2014,10,27,31,4.56
5045,6,26,2014,16,27,31,4.56
5045,6,26,2014,22,27,30,4.56
5045,6,27,2014,4,27,30,4.56
5045,6,27,2014,10,27,30,4.56
5045,6,27,2014,16,27,30,4.56
5045,6,27,2014,22,27,45,4.56
5045,6,28,2014,4,27,45,4.56
5045,6,28,2014,10,27,45,4.56
5045,6,28,2014,16,27,45,4.56
5045,6,28,2014,22,27,44,4.56
5045,6,29,2014,4,27,44,4.56
5045,6,29,2014,10,27,43,4.56
5045,6,29,2014,16,27,43,4.56
5045,6,29,2014,22,27,42,4.56
5045,6,30,2014,4,27,42,4.56
5045,6,30,2014,10,27,42,4.56
5045,6,30,2014,16,27,41,4.56
5045,7,1,2014,4,27,40,4.56
5045,7,1,2014,10,27,40,4.56
5045,7,1,2014,16,27,39,4.56
5045,7,1,2014,22,27,39,4.56
5045,7,2,2014,4,27,39,4.56
5045,7,2,2014,10,27,38,4.56
5045,7,2,2014,16,27,37,4.56
5045,7,2,2014,22,27,37,4.56
5045,7,3,2014,4,27,37,4.56
5045,7,3,2014,10,27,36,4.56
5045,7,3,2014,16,27,36,4.56
5045,7,4,2014,4,27,35,4.56
5045,7,4,2014,10,27,34,4.56
5045,7,4,2014,16,27,34,4.56
5045,7,4,2014,22,27,33,4.56
5045,7,5,2014,4,27,33,4.56
5045,7,5,2014,10,27,32,4.56
5045,7,5,2014,16,27,32,4.56
5045,7,5,2014,22,27,32,4.56
5045,7,6,2014,4,27,31,4.56
5045,7,6,2014,10,27,31,4.56
5045,7,6,2014,16,27,30,4.56
5045,7,6,2014,22,27,30,4.56
5045,7,7,2014,4,27,29,4.56
5045,7,7,2014,10,27,29,4.56
5045,7,7,2014,16,27,29,4.56
5045,7,8,2014,4,27,28,4.56
5045,7,8,2014,10,27,28,4.56
5045,7,8,2014,16,27,27,4.56
5045,7,8,2014,22,27,26,4.56
5045,7,9,2014,1,42,06,4.60
5045,7,9,2014,4,27,26,4.60
5045,7,9,2014,10,27,26,4.60
5045,7,9,2014,16,27,25,4.60
5045,7,9,2014,22,27,25,4.60
5045,7,10,2014,4,27,25,4.60
5045,7,10,2014,10,27,24,4.60
5045,7,10,2014,16,27,24,4.60
5045,7,10,2014,22,27,23,4.60
5045,7,11,2014,4,27,23,4.60
5045,7,11,2014,10,27,23,4.60
5045,7,11,2014,16,27,22,4.60
5045,7,11,2014,22,27,22,4.60
5045,7,12,2014,4,27,21,4.60
5045,7,12,2014,10,27,21,4.60
5045,7,12,2014,16,27,21,4.60
5045,7,13,2014,4,27,21,4.60
5045,7,13,2014,10,27,21,4.60
5045,7,13,2014,16,27,21,4.60
5045,7,13,2014,22,27,21,4.60
5045,7,14,2014,16,27,20,4.60
5045,7,14,2014,22,27,36,4.60
5045,7,15,2014,4,27,35,4.60
5045,7,15,2014,10,27,35,4.60
5045,7,15,2014,16,27,35,4.60
5045,7,15,2014,22,27,34,4.60
5045,7,16,2014,4,27,34,4.60
5045,7,16,2014,10,27,33,4.60
5045,7,16,2014,16,27,33,4.60
5045,7,16,2014,22,27,32,4.60
5045,7,17,2014,4,27,32,4.60
5045,7,17,2014,10,27,32,4.60
5045,7,17,2014,22,27,31,4.60
5045,7,18,2014,4,27,30,4.60
5045,7,18,2014,10,27,30,4.60
5045,7,18,2014,16,27,29,4.60
5045,7,18,2014,22,27,30,4.60
5045,7,19,2014,4,27,29,4.60
5045,7,19,2014,10,27,28,4.60
5045,7,19,2014,16,27,28,4.60
5045,7,19,2014,22,27,27,4.60
5045,7,20,2014,4,27,27,4.60
5045,7,20,2014,10,27,26,4.60
5045,7,20,2014,16,27,26,4.60
5045,7,20,2014,22,27,25,4.60
5045,7,21,2014,4,27,25,4.60
5045,7,21,2014,10,27,25,4.60
5045,7,21,2014,16,27,24,4.60
5045,7,21,2014,22,27,24,4.60
5045,7,22,2014,4,27,24,4.60
5045,7,22,2014,10,27,23,4.60
5045,7,22,2014,16,27,23,4.60
5045,7,22,2014,22,27,22,4.60
5045,7,23,2014,4,27,22,4.60
5045,7,23,2014,10,27,21,4.60
5045,7,23,2014,16,27,21,4.60
5045,7,23,2014,22,27,20,4.60
5045,7,24,2014,4,27,20,4.60
5045,7,24,2014,10,27,19,4.60
5045,7,24,2014,16,27,19,4.60
5045,7,24,2014,22,27,19,4.60
5045,7,25,2014,4,27,18,4.60
5045,7,25,2014,10,27,18,4.60
5045,7,25,2014,16,27,17,4.60
5045,7,25,2014,22,27,17,4.60
5045,7,26,2014,4,27,16,4.60
5045,7,26,2014,10,27,17,4.60
5045,7,26,2014,16,27,16,4.60
5045,7,26,2014,22,27,16,4.60
5045,7,27,2014,4,27,15,4.60
5045,7,27,2014,10,27,15,4.60
5045,7,27,2014,16,27,14,4.60
5045,7,27,2014,22,27,14,4.60
5045,7,28,2014,10,27,13,4.60
5045,7,28,2014,16,27,13,4.60
5045,7,28,2014,22,27,13,4.60
5045,7,29,2014,4,27,13,4.60
5045,7,29,2014,10,27,12,4.60
5045,7,29,2014,16,27,12,4.60
5045,7,29,2014,22,27,12,4.60
5045,7,30,2014,4,27,12,4.60
5045,7,30,2014,10,27,12,4.60
5045,7,30,2014,12,22,49,4.60
5045,7,30,2014,18,24,08,4.60
5045,7,31,2014,0,24,09,4.60
5045,7,31,2014,18,24,07,4.60
5045,8,1,2014,0,24,06,4.60
5045,8,1,2014,6,24,06,4.60
5045,8,1,2014,12,24,05,4.60
5045,8,1,2014,18,24,05,4.60
5045,8,2,2014,0,24,05,4.60
5045,8,2,2014,6,24,04,4.60
5045,8,2,2014,12,24,04,4.60
5045,8,3,2014,0,24,03,4.60
5045,8,3,2014,6,24,03,4.60
5045,8,3,2014,12,24,02,4.60
5045,8,3,2014,18,24,02,4.60
5045,8,4,2014,0,24,01,4.60
5045,8,4,2014,6,24,01,4.60
5045,8,4,2014,12,24,01,4.60
5045,8,4,2014,18,24,00,4.60
5045,8,5,2014,0,24,00,4.60
5045,8,5,2014,6,24,00,4.60
5045,8,5,2014,12,23,58,4.60
5045,8,5,2014,18,23,59,4.60
5045,8,6,2014,0,23,58,4.60
5045,8,6,2014,6,23,58,4.60
5045,8,6,2014,12,23,58,4.60
5045,8,6,2014,18,23,58,4.60
5045,8,7,2014,0,23,58,4.60
5045,8,7,2014,6,23,57,4.60
5045,8,7,2014,12,23,57,4.60
5045,8,7,2014,18,23,57,4.60
5045,8,8,2014,0,23,57,4.60
5045,8,8,2014,6,23,57,4.60
5045,8,8,2014,12,23,57,4.60
5045,8,8,2014,18,23,57,4.60
5045,8,9,2014,0,24,12,4.60
5045,8,9,2014,6,24,11,4.60
5045,8,9,2014,12,24,11,4.60
5045,8,9,2014,18,24,11,4.60
5045,8,10,2014,0,24,11,4.60
5045,8,10,2014,6,24,10,4.60
5045,8,10,2014,12,24,10,4.60
5045,8,10,2014,18,24,09,4.60
5045,8,11,2014,0,24,09,4.60
5045,8,11,2014,6,24,09,4.60
5045,8,11,2014,12,24,08,4.60
5045,8,11,2014,18,24,07,4.60
5045,8,12,2014,0,24,07,4.60
5045,8,12,2014,6,24,07,4.60
5045,8,12,2014,12,24,06,4.60
5045,8,12,2014,18,24,06,4.60
5045,8,13,2014,0,24,05,4.60
5045,8,13,2014,6,03,25,4.64
5045,8,13,2014,12,24,06,4.64
5045,8,13,2014,18,24,05,4.64
5045,8,14,2014,0,24,04,4.64
5045,8,14,2014,6,24,03,4.64
5045,8,14,2014,12,24,03,4.64
5045,8,14,2014,14,16,22,4.68
5045,8,14,2014,18,24,02,4.68
5045,8,15,2014,0,24,02,4.68
5045,8,15,2014,6,24,02,4.68
5045,8,15,2014,12,24,01,4.68
5045,8,15,2014,18,24,01,4.68
5045,8,16,2014,0,24,00,4.68
5045,8,16,2014,6,24,00,4.68
5045,8,16,2014,18,23,59,4.68
5045,8,17,2014,0,23,59,4.68
5045,8,17,2014,6,23,58,4.68
5045,8,17,2014,12,23,58,4.68
5045,8,17,2014,18,23,58,4.68
5045,8,17,2014,21,36,17,4.72
5045,8,18,2014,0,23,57,4.72
5045,8,18,2014,6,23,56,4.72
5045,8,18,2014,12,23,56,4.72
5045,8,18,2014,18,23,56,4.72
5045,8,19,2014,0,23,55,4.72
5045,8,19,2014,6,23,55,4.72
5045,8,19,2014,18,23,54,4.72
5045,8,20,2014,0,23,53,4.72
5045,8,20,2014,6,23,54,4.72
5045,8,20,2014,12,23,53,4.72
5045,8,21,2014,0,23,52,4.72
5045,8,21,2014,6,23,51,4.72
5045,8,21,2014,7,29,31,4.76
5045,8,21,2014,12,23,51,4.76
5045,8,21,2014,18,23,51,4.76
5045,8,22,2014,18,23,49,4.80
5045,8,23,2014,0,23,48,4.80
5045,8,23,2014,6,23,48,4.80
5045,8,23,2014,12,23,48,4.80
5045,8,23,2014,18,23,48,4.80
5045,8,24,2014,0,23,47,4.80
5045,8,24,2014,12,23,46,4.80
5045,8,24,2014,18,23,46,4.80
5045,8,25,2014,0,23,46,4.80
5045,8,25,2014,6,23,46,4.80
5045,8,25,2014,12,23,45,4.80
5045,8,25,2014,18,23,45,4.80
5045,8,25,2014,20,23,03,4.92
5045,8,25,2014,20,24,25,4.96
5045,8,25,2014,20,26,03,4.99
5045,8,25,2014,20,32,43,5.03
5045,8,25,2014,20,34,24,5.07
5045,8,25,2014,20,35,04,5.11
5045,8,25,2014,20,36,03,5.15
5045,8,25,2014,20,40,23,5.19
5045,8,26,2014,0,23,45,5.19
5045,8,26,2014,6,23,45,5.19
5045,8,26,2014,12,23,45,5.19
5045,8,26,2014,18,23,45,5.19
5045,8,27,2014,0,23,44,5.19
5045,8,27,2014,6,23,44,5.19
5045,8,27,2014,12,23,44,5.19
5045,8,27,2014,18,23,44,5.19
5045,8,28,2014,0,23,59,5.19
5045,8,28,2014,6,23,59,5.19
5045,8,28,2014,12,23,58,5.19
5045,8,28,2014,18,23,58,5.19
5045,8,29,2014,0,23,58,5.19
5045,8,29,2014,6,23,57,5.19
5045,8,29,2014,12,23,57,5.19
5045,8,29,2014,18,23,57,5.19
5045,8,30,2014,0,23,56,5.19
5045,8,30,2014,6,23,56,5.19
5045,8,30,2014,12,23,55,5.19
5045,8,30,2014,18,23,55,5.19
5045,8,31,2014,0,23,54,5.19
5045,8,31,2014,6,23,54,5.19
5045,8,31,2014,12,23,54,5.19
5045,8,31,2014,18,23,54,5.19
5045,9,1,2014,0,23,53,5.19
5045,9,1,2014,6,23,52,5.19
5045,9,1,2014,12,23,52,5.19
5045,9,1,2014,18,23,51,5.19
5045,9,2,2014,0,23,51,5.19
5045,9,2,2014,6,23,51,5.19
5045,9,2,2014,12,23,50,5.19
5045,9,3,2014,0,23,49,5.19
5045,9,3,2014,6,23,49,5.19
5045,9,3,2014,12,23,48,5.19
5045,9,3,2014,18,23,48,5.19
5045,9,4,2014,0,23,48,5.19
5045,9,4,2014,4,04,27,5.23
5045,9,4,2014,4,05,07,5.27
5045,9,4,2014,4,06,27,5.31
5045,9,4,2014,6,23,47,5.31
5045,9,4,2014,12,23,47,5.31
5045,9,4,2014,18,23,46,5.31
5045,9,5,2014,0,23,46,5.31
5045,9,5,2014,6,23,45,5.31
5045,9,5,2014,12,23,45,5.31
5045,9,5,2014,18,23,44,5.31
5045,9,6,2014,0,23,44,5.31
5045,9,6,2014,6,23,44,5.31
5045,9,6,2014,12,23,43,5.31
5045,9,6,2014,18,23,43,5.31
5045,9,7,2014,0,23,42,5.31
5045,9,7,2014,6,23,42,5.31
5045,9,7,2014,12,23,41,5.31
5045,9,7,2014,18,23,41,5.31
5045,9,8,2014,0,23,41,5.35
5045,9,8,2014,2,29,00,5.39
5045,9,8,2014,2,32,40,5.43
5045,9,8,2014,2,46,00,5.47
5045,9,8,2014,3,06,25,5.51
5045,9,8,2014,3,13,00,5.55
5045,9,8,2014,6,23,41,5.55
5045,9,8,2014,12,23,41,5.55
5045,9,8,2014,18,23,39,5.55
5045,9,8,2014,21,30,59,5.59
5045,9,8,2014,21,42,59,5.62
5045,9,9,2014,0,23,40,5.66
5045,9,9,2014,6,23,39,5.66
5045,9,9,2014,12,23,38,5.66
5045,9,9,2014,13,17,38,5.70
5045,9,9,2014,13,22,58,5.74
5045,9,9,2014,13,30,38,5.78
5045,9,9,2014,13,32,38,5.82
5045,9,9,2014,13,45,18,5.86
5045,9,9,2014,14,03,38,5.90
5045,9,9,2014,14,05,38,5.94
5045,9,9,2014,14,11,58,6.02
5045,9,9,2014,14,16,58,6.06
5045,9,9,2014,14,22,18,6.10
5045,9,9,2014,14,31,58,6.14
5045,9,10,2014,0,23,37,6.14
5045,9,10,2014,6,23,37,6.14
5045,9,10,2014,12,23,37,6.14
5045,9,10,2014,18,23,37,6.14
5045,9,11,2014,0,23,35,6.14
5045,9,11,2014,6,23,35,6.14
5045,9,11,2014,12,23,35,6.14
5045,9,11,2014,18,23,35,6.14
5045,9,12,2014,0,23,34,6.14
5045,9,12,2014,6,23,34,6.14
5045,9,12,2014,12,23,33,6.14
5045,9,12,2014,18,23,33,6.14
5045,9,13,2014,0,23,33,6.14
5045,9,13,2014,6,23,33,6.14
5045,9,13,2014,12,23,32,6.14
5045,9,13,2014,18,23,32,6.14
5045,9,14,2014,0,23,32,6.14
5045,9,14,2014,6,23,32,6.14
5045,9,14,2014,12,23,32,6.14
5045,9,14,2014,18,23,32,6.14
5045,9,15,2014,0,23,31,6.14
5045,9,15,2014,6,23,31,6.14
5045,9,15,2014,12,23,31,6.14
5045,9,15,2014,18,23,31,6.14
5045,9,16,2014,0,23,46,6.14
5045,9,16,2014,5,27,10,6.22
5045,9,16,2014,5,30,28,6.25
5045,9,16,2014,5,33,46,6.29
5045,9,16,2014,5,38,26,6.33
5045,9,16,2014,5,41,26,6.37
5045,9,16,2014,6,23,46,6.37
5045,9,16,2014,6,30,46,6.41
5045,9,16,2014,12,23,46,6.41
5045,9,16,2014,18,23,45,6.41
5045,9,17,2014,0,23,45,6.41
5045,9,17,2014,6,23,45,6.41
5045,9,17,2014,12,23,44,6.41
5045,9,17,2014,13,49,04,6.45
5045,9,17,2014,18,23,45,6.45
5045,9,18,2014,0,23,44,6.45
5045,9,18,2014,6,23,43,6.45
5045,9,18,2014,12,23,42,6.45
5045,9,18,2014,18,23,42,6.45
5045,9,19,2014,0,23,42,6.45
5045,9,19,2014,12,23,41,6.45
5045,9,19,2014,18,23,40,6.45
5045,9,20,2014,0,23,40,6.45
5045,9,20,2014,6,23,39,6.45
5045,9,20,2014,12,23,40,6.45
5045,9,20,2014,18,23,38,6.45
5045,9,21,2014,0,23,38,6.45
5045,9,21,2014,6,23,38,6.45
5045,9,21,2014,12,23,37,6.45
5045,9,21,2014,18,23,37,6.45
5045,9,22,2014,0,23,36,6.45
5045,9,22,2014,12,23,35,6.45
5045,9,22,2014,18,23,35,6.45
5045,9,23,2014,0,23,34,6.45
5045,9,23,2014,6,23,34,6.45
5045,9,23,2014,12,23,34,6.45
5045,9,23,2014,18,23,33,6.45
5045,9,24,2014,0,23,33,6.45
5045,9,24,2014,6,23,32,6.45
5045,9,24,2014,12,23,32,6.45
5045,9,24,2014,18,23,31,6.45
5045,9,25,2014,0,23,31,6.45
5045,9,25,2014,6,23,31,6.45
5045,9,25,2014,12,23,30,6.45
5045,9,25,2014,18,23,30,6.45
5045,9,26,2014,0,23,29,6.45
5045,9,26,2014,6,23,29,6.45
5045,9,26,2014,12,23,29,6.45
5045,9,26,2014,16,11,49,6.49
5045,9,26,2014,16,14,48,6.53
5045,9,26,2014,18,23,28,6.53
5045,9,27,2014,0,23,28,6.53
5045,9,27,2014,6,23,28,6.53
5045,9,27,2014,12,23,27,6.53
5045,9,27,2014,12,58,06,6.57
5045,9,27,2014,13,04,46,6.61
5045,9,27,2014,13,18,49,6.65
5045,9,27,2014,14,08,47,6.69
5045,9,27,2014,18,23,26,6.69
5045,9,28,2014,0,23,26,6.69
5045,9,28,2014,6,23,26,6.69
5045,9,28,2014,12,23,26,6.69
5045,9,28,2014,18,23,24,6.69
5045,9,29,2014,0,23,24,6.69
5045,9,29,2014,6,23,24,6.69
5045,9,29,2014,12,23,23,6.69
5045,9,29,2014,18,23,23,6.69
5045,9,30,2014,0,23,22,6.69
5045,9,30,2014,6,23,22,6.69
5045,9,30,2014,12,23,21,6.69
