5454,7,16,2013,10,11,02,0.00
5454,7,16,2013,16,11,02,0.00
5454,7,16,2013,22,11,02,0.00
5454,7,17,2013,4,11,02,0.00
5454,7,17,2013,10,11,03,0.00
5454,7,17,2013,16,11,02,0.00
5454,7,17,2013,22,11,03,0.00
5454,7,18,2013,4,11,03,0.00
5454,7,18,2013,10,11,02,0.00
5454,7,18,2013,16,11,02,0.00
5454,7,18,2013,22,11,02,0.00
5454,7,19,2013,4,11,24,0.00
5454,7,19,2013,10,11,02,0.00
5454,7,19,2013,16,11,02,0.00
5454,7,19,2013,22,11,03,0.00
5454,7,19,2013,23,29,45,0.03
5454,7,19,2013,23,31,23,0.07
5454,7,19,2013,23,32,43,0.11
5454,7,19,2013,23,34,04,0.15
5454,7,19,2013,23,35,03,0.19
5454,7,19,2013,23,37,03,0.23
5454,7,19,2013,23,38,44,0.27
5454,7,19,2013,23,44,24,0.35
5454,7,19,2013,23,45,23,0.39
5454,7,19,2013,23,46,22,0.43
5454,7,19,2013,23,47,43,0.47
5454,7,19,2013,23,49,26,0.51
5454,7,19,2013,23,52,03,0.55
5454,7,19,2013,23,55,04,0.59
5454,7,20,2013,0,00,44,0.62
5454,7,20,2013,0,12,12,0.66
5454,7,20,2013,2,15,21,0.70
5454,7,20,2013,4,11,02,0.70
5454,7,20,2013,10,11,02,0.70
5454,7,20,2013,16,11,02,0.70
5454,7,20,2013,22,11,02,0.70
5454,7,21,2013,4,11,02,0.70
5454,7,21,2013,10,11,03,0.70
5454,7,21,2013,12,27,22,0.74
5454,7,21,2013,16,11,01,0.74
5454,7,21,2013,22,11,01,0.74
5454,7,22,2013,4,11,01,0.74
5454,7,22,2013,10,11,02,0.74
5454,7,22,2013,16,11,01,0.74
5454,7,22,2013,22,11,01,0.74
5454,7,23,2013,4,11,01,0.74
5454,7,23,2013,10,11,02,0.74
5454,7,23,2013,16,11,02,0.74
5454,7,24,2013,4,11,02,0.74
5454,7,24,2013,10,11,02,0.74
5454,7,24,2013,16,11,03,0.74
5454,7,24,2013,22,11,02,0.74
5454,7,25,2013,4,11,02,0.74
5454,7,25,2013,10,11,02,0.74
5454,7,25,2013,16,11,03,0.74
5454,7,25,2013,22,11,03,0.74
5454,7,26,2013,4,11,03,0.74
5454,7,26,2013,10,11,03,0.74
5454,7,26,2013,16,11,03,0.74
5454,7,26,2013,22,11,03,0.74
5454,7,27,2013,4,11,03,0.74
5454,7,27,2013,10,11,03,0.74
5454,7,27,2013,16,11,03,0.74
5454,7,27,2013,22,11,03,0.74
5454,7,28,2013,4,11,03,0.74
5454,7,28,2013,10,11,01,0.74
5454,7,28,2013,16,11,01,0.74
5454,7,28,2013,22,11,01,0.74
5454,7,29,2013,4,11,02,0.74
5454,7,29,2013,10,11,01,0.74
5454,7,29,2013,16,11,02,0.74
5454,7,29,2013,22,11,02,0.74
5454,7,30,2013,4,11,01,0.74
5454,7,30,2013,10,11,01,0.74
5454,7,30,2013,16,11,02,0.74
5454,7,30,2013,22,11,02,0.74
5454,7,31,2013,4,11,02,0.74
5454,7,31,2013,10,11,02,0.74
5454,7,31,2013,16,11,03,0.74
5454,7,31,2013,22,11,02,0.74
5454,8,1,2013,4,11,03,0.74
5454,8,1,2013,10,11,02,0.74
5454,8,1,2013,16,11,02,0.74
5454,8,1,2013,22,11,02,0.74
5454,8,2,2013,4,11,03,0.74
5454,8,2,2013,10,10,47,0.74
5454,8,2,2013,16,10,46,0.74
5454,8,2,2013,22,10,46,0.74
5454,8,3,2013,4,10,46,0.74
5454,8,3,2013,10,10,50,0.74
5454,8,3,2013,16,10,46,0.74
5454,8,3,2013,22,10,46,0.74
5454,8,4,2013,4,10,46,0.74
5454,8,4,2013,10,10,46,0.74
5454,8,4,2013,16,10,46,0.74
5454,8,4,2013,22,10,46,0.74
5454,8,5,2013,4,10,45,0.74
5454,8,5,2013,10,10,45,0.74
5454,8,5,2013,16,10,45,0.74
5454,8,5,2013,22,10,45,0.74
5454,8,6,2013,4,10,45,0.74
5454,8,6,2013,10,10,45,0.74
5454,8,6,2013,16,10,46,0.74
5454,8,6,2013,22,10,48,0.74
5454,8,7,2013,4,10,50,0.74
5454,8,7,2013,10,10,52,0.74
5454,8,7,2013,16,10,54,0.74
5454,8,7,2013,22,10,56,0.74
5454,8,8,2013,4,11,09,0.74
5454,8,8,2013,10,11,00,0.74
5454,8,8,2013,16,11,02,0.74
5454,8,8,2013,22,11,05,0.74
5454,8,9,2013,4,11,07,0.74
5454,8,9,2013,10,11,09,0.74
5454,8,9,2013,16,11,11,0.74
5454,8,9,2013,22,11,13,0.74
5454,8,10,2013,4,11,15,0.74
5454,8,10,2013,10,11,18,0.74
5454,8,10,2013,16,11,20,0.74
5454,8,10,2013,22,11,22,0.74
5454,8,11,2013,4,11,24,0.74
5454,8,11,2013,10,11,26,0.74
5454,8,11,2013,16,11,28,0.74
5454,8,11,2013,22,11,31,0.74
5454,8,12,2013,4,11,32,0.74
5454,8,12,2013,16,11,38,0.74
5454,8,13,2013,10,11,44,0.74
5454,8,13,2013,16,11,46,0.74
5454,8,13,2013,22,11,49,0.74
5454,8,14,2013,4,11,51,0.74
5454,8,14,2013,10,11,53,0.74
5454,8,14,2013,16,11,55,0.74
5454,8,14,2013,22,11,57,0.74
5454,8,15,2013,4,11,59,0.74
5454,8,15,2013,10,12,02,0.74
5454,8,15,2013,16,10,47,0.74
5454,8,15,2013,22,10,47,0.74
5454,8,16,2013,4,10,47,0.74
5454,8,16,2013,10,10,47,0.74
5454,8,16,2013,16,10,47,0.74
5454,8,16,2013,22,10,47,0.74
5454,8,17,2013,4,10,47,0.74
5454,8,17,2013,10,10,47,0.74
5454,8,17,2013,16,10,47,0.74
5454,8,17,2013,22,10,47,0.74
5454,8,18,2013,4,10,48,0.74
5454,8,18,2013,10,10,47,0.74
5454,8,18,2013,16,10,48,0.74
5454,8,18,2013,22,10,49,0.74
5454,8,19,2013,4,10,48,0.74
5454,8,19,2013,10,10,47,0.74
5454,8,19,2013,16,10,47,0.74
5454,8,19,2013,22,10,47,0.74
5454,8,20,2013,4,10,47,0.74
5454,8,20,2013,10,10,47,0.74
5454,8,20,2013,16,10,49,0.74
5454,8,20,2013,22,10,47,0.74
5454,8,21,2013,4,10,47,0.74
5454,8,21,2013,10,10,48,0.74
5454,8,21,2013,16,10,48,0.74
5454,8,21,2013,22,10,48,0.74
5454,8,22,2013,4,10,48,0.74
5454,8,22,2013,10,10,48,0.74
5454,8,22,2013,16,10,48,0.74
5454,8,22,2013,22,10,48,0.74
5454,8,23,2013,4,10,48,0.74
5454,8,23,2013,10,10,49,0.74
5454,8,23,2013,16,10,48,0.74
5454,8,23,2013,22,10,48,0.74
5454,8,24,2013,4,10,48,0.74
5454,8,24,2013,6,08,42,0.78
5454,8,24,2013,7,33,22,0.82
5454,8,24,2013,7,58,22,0.86
5454,8,24,2013,8,28,22,0.90
5454,8,24,2013,10,10,43,0.90
5454,8,24,2013,16,10,43,0.90
5454,8,24,2013,22,10,43,0.90
5454,8,25,2013,4,10,43,0.90
5454,8,25,2013,10,10,41,0.90
5454,8,25,2013,16,10,43,0.90
5454,8,25,2013,21,57,01,0.94
5454,8,25,2013,22,10,42,0.94
5454,8,26,2013,4,10,42,0.94
5454,8,26,2013,10,10,43,0.94
5454,8,26,2013,16,10,41,0.94
5454,8,26,2013,20,13,01,0.98
5454,8,26,2013,20,15,45,1.02
5454,8,26,2013,20,17,01,1.06
5454,8,26,2013,20,19,22,1.10
5454,8,26,2013,20,21,42,1.18
5454,8,26,2013,20,22,24,1.22
5454,8,26,2013,20,23,22,1.25
5454,8,26,2013,20,24,01,1.29
5454,8,26,2013,20,25,02,1.33
5454,8,26,2013,20,25,42,1.37
5454,8,26,2013,20,28,22,1.41
5454,8,26,2013,20,44,21,1.45
5454,8,27,2013,4,10,43,1.45
5454,8,27,2013,10,10,43,1.45
5454,8,27,2013,16,10,43,1.45
5454,8,27,2013,22,10,43,1.45
5454,8,28,2013,4,10,43,1.45
5454,8,28,2013,10,10,43,1.45
5454,8,28,2013,16,10,44,1.45
5454,8,28,2013,20,35,06,1.49
5454,8,28,2013,20,39,41,1.53
5454,8,28,2013,22,10,43,1.53
5454,8,29,2013,4,10,42,1.53
5454,8,29,2013,10,10,42,1.53
5454,8,29,2013,16,10,43,1.53
5454,8,29,2013,22,10,43,1.53
5454,8,30,2013,4,10,43,1.53
5454,8,30,2013,10,10,43,1.53
5454,8,30,2013,15,21,42,1.57
5454,8,30,2013,15,27,02,1.61
5454,8,30,2013,15,28,02,1.65
5454,8,30,2013,15,28,42,1.69
5454,8,30,2013,15,29,22,1.73
5454,8,30,2013,15,30,03,1.77
5454,8,30,2013,15,30,43,1.81
5454,8,30,2013,15,31,42,1.85
5454,8,30,2013,15,33,02,1.88
5454,8,30,2013,15,33,42,1.92
5454,8,30,2013,15,35,22,1.96
5454,8,30,2013,15,36,22,2.00
5454,8,30,2013,15,38,02,2.04
5454,8,30,2013,15,39,22,2.08
5454,8,30,2013,15,42,22,2.12
5454,8,30,2013,15,44,24,2.16
5454,8,30,2013,15,53,05,2.20
5454,8,30,2013,16,10,43,2.20
5454,8,30,2013,16,11,22,2.24
5454,8,30,2013,16,13,22,2.28
5454,8,30,2013,16,14,42,2.32
5454,8,30,2013,16,16,42,2.36
5454,8,30,2013,16,22,03,2.40
5454,8,30,2013,22,10,43,2.40
5454,8,31,2013,4,10,42,2.40
5454,8,31,2013,10,10,42,2.40
5454,8,31,2013,16,10,43,2.40
5454,8,31,2013,22,10,43,2.40
5454,9,1,2013,4,10,43,2.40
5454,9,1,2013,10,10,43,2.40
5454,9,1,2013,16,10,43,2.40
5454,9,1,2013,22,10,43,2.40
5454,9,2,2013,4,10,43,2.40
5454,9,2,2013,10,10,43,2.40
5454,9,2,2013,16,11,03,2.40
5454,9,2,2013,22,10,43,2.40
5454,9,3,2013,10,10,43,2.40
5454,9,3,2013,16,10,43,2.40
5454,9,3,2013,22,10,43,2.40
5454,9,4,2013,4,10,43,2.40
5454,9,4,2013,10,10,43,2.40
5454,9,4,2013,16,10,43,2.40
5454,9,4,2013,22,10,43,2.40
5454,9,5,2013,4,10,43,2.40
5454,9,5,2013,10,10,43,2.40
5454,9,5,2013,16,10,44,2.40
5454,9,5,2013,22,10,44,2.40
5454,9,6,2013,4,10,44,2.40
5454,9,6,2013,10,10,44,2.40
5454,9,6,2013,16,10,44,2.40
5454,9,6,2013,19,31,04,2.44
5454,9,6,2013,19,33,05,2.48
5454,9,6,2013,19,34,44,2.51
5454,9,6,2013,19,36,24,2.55
5454,9,6,2013,19,40,24,2.59
5454,9,6,2013,19,42,44,2.63
5454,9,6,2013,19,47,24,2.67
5454,9,6,2013,22,10,44,2.67
5454,9,7,2013,4,10,45,2.67
5454,9,7,2013,10,10,44,2.67
5454,9,7,2013,16,10,44,2.67
5454,9,7,2013,22,10,44,2.67
5454,9,8,2013,4,10,44,2.67
5454,9,8,2013,10,10,44,2.67
5454,9,8,2013,12,33,04,2.71
5454,9,8,2013,16,10,44,2.71
5454,9,8,2013,22,10,44,2.71
5454,9,9,2013,4,10,44,2.71
5454,9,9,2013,10,10,45,2.71
5454,9,9,2013,16,10,41,2.71
5454,9,9,2013,18,20,01,2.75
5454,9,9,2013,22,10,41,2.75
5454,9,10,2013,4,10,42,2.75
5454,9,10,2013,10,10,41,2.75
5454,9,10,2013,16,10,41,2.75
5454,9,10,2013,22,10,41,2.75
5454,9,11,2013,4,10,42,2.75
5454,9,11,2013,10,10,42,2.75
5454,9,11,2013,16,10,42,2.75
5454,9,11,2013,22,10,42,2.75
5454,9,12,2013,4,10,42,2.75
5454,9,12,2013,10,10,42,2.75
5454,9,12,2013,16,10,42,2.75
5454,9,12,2013,22,10,42,2.75
5454,9,13,2013,4,10,42,2.75
5454,9,13,2013,10,10,42,2.75
5454,9,13,2013,16,10,42,2.75
5454,9,13,2013,22,10,43,2.75
5454,9,14,2013,4,10,43,2.75
5454,9,14,2013,10,10,43,2.75
5454,9,14,2013,16,10,43,2.75
5454,9,14,2013,22,10,43,2.79
5454,9,15,2013,4,10,43,2.79
5454,9,15,2013,10,10,43,2.79
5454,9,15,2013,16,10,43,2.79
5454,9,15,2013,22,10,43,2.79
5454,9,16,2013,4,10,43,2.79
5454,9,16,2013,10,10,43,2.79
5454,9,16,2013,16,10,43,2.79
5454,9,16,2013,22,10,43,2.79
5454,9,17,2013,4,10,43,2.79
5454,9,17,2013,10,10,43,2.79
5454,9,17,2013,16,10,27,2.79
5454,9,17,2013,22,10,27,2.79
5454,9,18,2013,4,10,27,2.79
5454,9,18,2013,10,10,27,2.79
5454,9,18,2013,16,10,27,2.79
5454,9,18,2013,22,10,27,2.79
5454,9,19,2013,4,10,26,2.79
5454,9,19,2013,10,10,26,2.79
5454,9,19,2013,16,10,26,2.79
5454,9,19,2013,22,10,26,2.79
5454,9,20,2013,4,10,26,2.79
5454,9,20,2013,10,10,26,2.79
5454,9,20,2013,16,10,26,2.79
5454,9,20,2013,22,10,26,2.79
5454,9,21,2013,4,10,25,2.79
5454,9,22,2013,4,10,25,2.79
5454,9,22,2013,10,10,24,2.79
5454,9,23,2013,10,10,24,2.79
5454,9,23,2013,16,10,24,2.79
5454,9,23,2013,22,10,24,2.79
5454,9,24,2013,4,10,23,2.79
5454,9,24,2013,10,10,23,2.79
5454,9,24,2013,16,10,23,2.79
5454,9,24,2013,22,10,23,2.79
5454,9,25,2013,4,10,23,2.79
5454,9,25,2013,10,10,23,2.79
5454,9,25,2013,16,10,23,2.79
5454,9,25,2013,22,10,22,2.79
5454,9,26,2013,4,10,22,2.79
5454,9,26,2013,10,10,22,2.79
5454,9,26,2013,16,10,22,2.79
5454,9,26,2013,22,10,22,2.79
5454,9,27,2013,4,10,22,2.79
5454,9,27,2013,10,10,22,2.79
5454,9,27,2013,16,10,22,2.79
5454,9,28,2013,4,10,21,2.79
5454,9,28,2013,16,10,36,2.79
5454,9,28,2013,22,10,37,2.79
5454,9,29,2013,4,10,35,2.79
5454,9,29,2013,10,10,35,2.79
5454,9,29,2013,16,10,34,2.79
5454,9,29,2013,22,10,34,2.79
5454,9,30,2013,4,10,34,2.79
5454,9,30,2013,10,10,33,2.79
5454,9,30,2013,16,10,33,2.79
5454,9,30,2013,22,10,32,2.79
5454,10,1,2013,4,10,32,0.00
5454,10,1,2013,10,10,32,0.00
5454,10,1,2013,16,10,31,0.00
5454,10,1,2013,22,10,31,0.00
5454,10,2,2013,4,10,30,0.00
5454,10,2,2013,10,10,30,0.00
5454,10,2,2013,16,10,29,0.00
5454,10,2,2013,22,10,29,0.00
5454,10,3,2013,4,10,29,0.00
5454,10,3,2013,10,10,28,0.00
5454,10,3,2013,16,10,28,0.00
5454,10,3,2013,22,10,27,0.00
5454,10,4,2013,10,10,26,0.00
5454,10,4,2013,16,10,26,0.00
5454,10,4,2013,22,10,26,0.00
5454,10,5,2013,4,10,26,0.00
5454,10,5,2013,10,10,25,0.00
5454,10,5,2013,16,10,24,0.00
5454,10,6,2013,4,10,24,0.00
5454,10,6,2013,10,10,23,0.00
5454,10,6,2013,16,10,23,0.00
5454,10,7,2013,4,10,22,0.00
5454,10,7,2013,10,10,22,0.00
5454,10,7,2013,16,10,21,0.00
5454,10,7,2013,22,10,21,0.00
5454,10,8,2013,4,10,20,0.00
5454,10,8,2013,10,10,20,0.00
5454,10,8,2013,16,10,19,0.00
5454,10,8,2013,22,10,19,0.00
5454,10,9,2013,4,10,18,0.00
5454,10,9,2013,10,10,19,0.00
5454,10,9,2013,16,10,18,0.00
5454,10,10,2013,3,58,56,0.03
5454,10,10,2013,4,10,18,0.03
5454,10,10,2013,5,49,58,0.07
5454,10,10,2013,10,10,17,0.07
5454,10,10,2013,16,10,16,0.07
5454,10,10,2013,22,10,16,0.07
5454,10,11,2013,4,10,15,0.07
5454,10,11,2013,10,10,15,0.07
5454,10,11,2013,16,10,15,0.07
5454,10,11,2013,22,10,15,0.07
5454,10,12,2013,4,10,15,0.07
5454,10,12,2013,10,10,15,0.07
5454,10,12,2013,22,10,14,0.07
5454,10,13,2013,4,10,14,0.07
5454,10,13,2013,10,10,15,0.07
5454,10,13,2013,16,10,14,0.07
5454,10,13,2013,22,10,14,0.07
5454,10,14,2013,4,10,14,0.07
5454,10,14,2013,10,10,14,0.07
5454,10,14,2013,16,10,14,0.07
5454,10,14,2013,22,10,13,0.07
5454,10,15,2013,4,10,28,0.07
5454,10,15,2013,10,10,28,0.07
5454,10,15,2013,16,10,28,0.07
5454,10,15,2013,22,10,27,0.07
5454,10,16,2013,4,10,27,0.07
5454,10,16,2013,10,10,26,0.07
5454,10,16,2013,16,10,26,0.07
5454,10,16,2013,22,10,25,0.07
5454,10,17,2013,4,10,25,0.07
5454,10,17,2013,10,10,25,0.07
5454,10,17,2013,16,10,24,0.07
5454,10,18,2013,4,10,23,0.07
5454,10,18,2013,10,10,23,0.07
5454,10,18,2013,16,10,22,0.07
5454,10,18,2013,22,10,23,0.07
5454,10,19,2013,4,10,22,0.07
5454,10,19,2013,10,10,21,0.07
5454,10,19,2013,16,10,21,0.07
5454,10,19,2013,22,10,20,0.07
5454,10,20,2013,4,10,20,0.07
5454,10,20,2013,10,10,20,0.07
5454,10,20,2013,16,10,20,0.07
5454,10,20,2013,22,10,19,0.07
5454,10,21,2013,4,10,19,0.07
5454,10,21,2013,10,10,19,0.07
5454,10,21,2013,16,10,18,0.07
5454,10,21,2013,22,10,18,0.07
5454,10,22,2013,4,10,17,0.07
5454,10,22,2013,10,10,17,0.07
5454,10,22,2013,16,10,16,0.07
5454,10,22,2013,22,10,16,0.07
5454,10,23,2013,10,10,15,0.07
5454,10,23,2013,16,10,15,0.07
5454,10,23,2013,22,10,15,0.07
5454,10,24,2013,4,10,14,0.07
5454,10,24,2013,10,10,13,0.07
5454,10,24,2013,16,10,13,0.07
5454,10,24,2013,22,10,12,0.07
5454,10,25,2013,4,10,12,0.07
5454,10,25,2013,22,10,11,0.07
5454,10,26,2013,4,10,10,0.07
5454,10,26,2013,10,10,10,0.07
5454,10,26,2013,16,10,10,0.07
5454,10,26,2013,22,10,08,0.07
5454,10,27,2013,4,10,08,0.07
5454,10,27,2013,10,10,08,0.07
5454,10,27,2013,22,10,08,0.07
5454,10,28,2013,4,10,08,0.07
5454,10,28,2013,10,10,08,0.07
5454,10,28,2013,16,10,07,0.07
5454,10,28,2013,22,10,07,0.07
5454,10,29,2013,4,10,07,0.07
5454,10,29,2013,16,10,07,0.07
5454,10,29,2013,22,10,07,0.07
5454,10,30,2013,4,10,07,0.07
5454,10,30,2013,10,10,07,0.07
5454,10,30,2013,16,10,07,0.07
5454,10,30,2013,22,10,22,0.07
5454,10,31,2013,4,10,21,0.07
5454,10,31,2013,10,10,21,0.07
5454,10,31,2013,16,10,20,0.07
5454,10,31,2013,22,10,20,0.07
5454,11,1,2013,4,10,20,0.07
5454,11,1,2013,10,10,19,0.07
5454,11,1,2013,16,10,19,0.07
5454,11,1,2013,22,10,18,0.07
5454,11,2,2013,4,10,18,0.07
5454,11,2,2013,10,10,17,0.07
5454,11,2,2013,16,10,17,0.07
5454,11,2,2013,22,10,17,0.07
5454,11,3,2013,4,10,17,0.07
5454,11,3,2013,10,10,16,0.07
5454,11,3,2013,16,10,16,0.07
5454,11,3,2013,22,10,16,0.07
5454,11,4,2013,4,10,15,0.07
5454,11,4,2013,10,10,15,0.07
5454,11,4,2013,16,10,14,0.07
5454,11,4,2013,20,37,13,0.11
5454,11,4,2013,21,02,14,0.15
5454,11,4,2013,22,09,37,0.19
5454,11,5,2013,4,10,14,0.19
5454,11,5,2013,10,10,14,0.19
5454,11,5,2013,16,10,13,0.19
5454,11,5,2013,22,10,12,0.19
5454,11,6,2013,4,10,12,0.19
5454,11,6,2013,10,10,11,0.19
5454,11,6,2013,16,10,11,0.19
5454,11,6,2013,22,10,11,0.19
5454,11,7,2013,4,10,10,0.19
5454,11,7,2013,16,10,09,0.19
5454,11,7,2013,22,10,09,0.19
5454,11,8,2013,4,10,09,0.19
5454,11,8,2013,10,10,07,0.19
5454,11,8,2013,16,10,08,0.19
5454,11,8,2013,22,10,07,0.19
5454,11,9,2013,4,10,07,0.19
5454,11,9,2013,10,10,07,0.19
5454,11,9,2013,16,10,07,0.19
5454,11,9,2013,22,10,06,0.19
5454,11,10,2013,4,10,06,0.19
5454,11,10,2013,10,10,05,0.19
5454,11,10,2013,16,10,04,0.19
5454,11,10,2013,22,10,05,0.19
5454,11,11,2013,4,10,19,0.19
5454,11,12,2013,4,10,03,0.19
5454,11,12,2013,10,10,03,0.19
5454,11,12,2013,16,10,02,0.19
5454,11,12,2013,22,10,02,0.19
5454,11,13,2013,4,10,02,0.19
5454,11,13,2013,10,10,02,0.19
5454,11,13,2013,16,10,02,0.19
5454,11,13,2013,22,10,02,0.19
5454,11,14,2013,4,10,02,0.19
5454,11,14,2013,10,10,18,0.19
5454,11,14,2013,16,10,17,0.19
5454,11,14,2013,22,10,17,0.19
5454,11,15,2013,4,10,16,0.19
5454,11,15,2013,10,10,16,0.19
5454,11,15,2013,16,10,15,0.19
5454,11,15,2013,22,10,15,0.19
5454,11,16,2013,4,10,14,0.19
5454,11,16,2013,10,10,15,0.19
5454,11,16,2013,16,10,14,0.19
5454,11,16,2013,22,10,13,0.19
5454,11,17,2013,4,10,13,0.19
5454,11,17,2013,10,10,12,0.19
5454,11,17,2013,16,10,12,0.19
5454,11,17,2013,22,10,12,0.19
5454,11,18,2013,4,10,11,0.19
5454,11,18,2013,10,10,11,0.19
5454,11,18,2013,16,10,10,0.19
5454,11,18,2013,22,10,10,0.19
5454,11,19,2013,4,10,09,0.19
5454,11,19,2013,10,10,09,0.19
5454,11,19,2013,16,10,09,0.19
5454,11,19,2013,22,10,08,0.19
5454,11,20,2013,4,10,08,0.19
5454,11,20,2013,10,10,08,0.19
5454,11,20,2013,16,10,07,0.19
5454,11,20,2013,22,10,06,0.19
5454,11,21,2013,4,10,06,0.19
5454,11,21,2013,10,10,06,0.19
5454,11,21,2013,16,10,05,0.19
5454,11,21,2013,20,56,45,0.23
5454,11,21,2013,21,32,48,0.27
5454,11,21,2013,22,10,05,0.27
5454,11,21,2013,23,23,25,0.31
5454,11,22,2013,0,16,04,0.35
5454,11,22,2013,0,25,05,0.39
5454,11,22,2013,0,38,25,0.47
5454,11,22,2013,0,42,45,0.51
5454,11,22,2013,0,48,45,0.59
5454,11,22,2013,0,51,24,0.62
5454,11,22,2013,1,05,25,0.66
5454,11,22,2013,1,35,44,0.70
5454,11,22,2013,2,04,05,0.74
5454,11,22,2013,2,41,42,0.78
5454,11,22,2013,2,43,50,0.82
5454,11,22,2013,2,58,05,0.86
5454,11,22,2013,3,23,45,0.90
5454,11,22,2013,4,01,04,0.94
5454,11,22,2013,4,10,05,0.94
5454,11,22,2013,6,05,05,1.02
5454,11,22,2013,7,54,45,1.06
5454,11,22,2013,8,37,04,1.10
5454,11,22,2013,9,28,24,1.14
5454,11,22,2013,9,45,24,1.18
5454,11,22,2013,10,10,04,1.22
5454,11,22,2013,10,24,45,1.25
5454,11,22,2013,10,49,46,1.29
5454,11,22,2013,11,17,07,1.33
5454,11,22,2013,11,42,45,1.37
5454,11,22,2013,12,31,24,1.41
5454,11,22,2013,13,09,44,1.45
5454,11,22,2013,13,28,04,1.49
5454,11,22,2013,14,13,23,1.53
5454,11,22,2013,14,53,24,1.57
5454,11,22,2013,15,17,44,1.61
5454,11,22,2013,15,38,26,1.65
5454,11,22,2013,16,10,04,1.65
5454,11,22,2013,16,21,23,1.69
5454,11,22,2013,17,02,44,1.73
5454,11,22,2013,17,45,47,1.77
5454,11,22,2013,19,40,43,1.92
5454,11,22,2013,20,18,43,1.96
5454,11,22,2013,20,58,23,2.00
5454,11,22,2013,22,06,44,2.04
5454,11,22,2013,22,10,03,2.04
5454,11,23,2013,3,07,23,2.08
5454,11,23,2013,4,10,28,2.08
5454,11,23,2013,5,23,03,2.12
5454,11,23,2013,5,36,44,2.16
5454,11,23,2013,6,49,43,2.20
5454,11,23,2013,7,07,23,2.24
5454,11,23,2013,7,23,23,2.28
5454,11,23,2013,8,52,43,2.32
5454,11,23,2013,10,10,03,2.32
5454,11,23,2013,16,10,01,2.32
5454,11,23,2013,22,10,01,2.36
5454,11,24,2013,4,10,00,2.36
5454,11,24,2013,4,55,19,2.40
5454,11,24,2013,10,10,00,2.40
5454,11,24,2013,16,10,00,2.40
5454,11,24,2013,22,10,00,2.40
5454,11,25,2013,22,10,00,2.40
5454,11,26,2013,4,10,00,2.40
5454,11,26,2013,16,10,00,2.40
5454,11,26,2013,22,10,00,2.40
5454,11,27,2013,4,10,00,2.40
5454,11,27,2013,10,10,15,2.40
5454,11,27,2013,16,10,15,2.40
5454,11,27,2013,22,10,14,2.40
5454,11,28,2013,4,10,24,2.40
5454,11,28,2013,10,10,13,2.40
5454,11,28,2013,16,10,13,2.40
5454,11,28,2013,22,10,12,2.40
5454,11,29,2013,4,10,28,2.40
5454,11,29,2013,10,10,11,2.40
5454,11,29,2013,16,10,11,2.40
5454,11,29,2013,22,10,11,2.40
5454,11,30,2013,4,10,10,2.40
5454,11,30,2013,10,10,10,2.40
5454,11,30,2013,16,10,09,2.40
5454,11,30,2013,22,10,09,2.40
5454,12,1,2013,4,10,09,2.40
5454,12,1,2013,10,10,08,2.40
5454,12,1,2013,16,10,08,2.40
5454,12,1,2013,22,10,07,2.40
5454,12,2,2013,4,10,07,2.40
5454,12,2,2013,10,10,06,2.40
5454,12,2,2013,16,10,07,2.40
5454,12,2,2013,22,10,05,2.40
5454,12,3,2013,4,10,05,2.40
5454,12,3,2013,10,10,05,2.40
5454,12,3,2013,16,10,04,2.40
5454,12,3,2013,22,10,04,2.40
5454,12,4,2013,4,10,03,2.40
5454,12,4,2013,10,10,03,2.40
5454,12,4,2013,16,10,02,2.40
5454,12,4,2013,22,10,02,2.40
5454,12,5,2013,4,10,02,2.40
5454,12,5,2013,10,10,01,2.40
5454,12,5,2013,16,10,01,2.40
5454,12,5,2013,22,10,01,2.40
5454,12,6,2013,4,10,01,2.40
5454,12,6,2013,16,10,01,2.40
5454,12,6,2013,22,10,01,2.40
5454,12,7,2013,4,10,01,2.40
5454,12,7,2013,10,10,01,2.40
5454,12,7,2013,22,10,01,2.40
5454,12,8,2013,10,10,16,2.40
5454,12,9,2013,4,11,51,2.40
5454,12,9,2013,10,10,15,2.40
5454,12,9,2013,16,10,14,2.40
5454,12,9,2013,22,10,14,2.40
5454,12,10,2013,4,11,38,2.40
5454,12,10,2013,16,10,13,2.40
5454,12,10,2013,22,10,12,2.40
5454,12,11,2013,4,10,12,2.40
5454,12,11,2013,10,10,11,2.40
5454,12,11,2013,16,10,12,2.40
5454,12,11,2013,22,10,10,2.40
5454,12,12,2013,4,10,10,2.40
5454,12,12,2013,10,10,10,2.40
5454,12,12,2013,16,10,09,2.40
5454,12,12,2013,22,10,09,2.40
5454,12,13,2013,4,10,37,2.40
5454,12,13,2013,10,10,08,2.40
5454,12,13,2013,22,10,07,2.40
5454,12,14,2013,4,10,06,2.40
5454,12,14,2013,10,10,06,2.40
5454,12,14,2013,16,10,06,2.40
5454,12,14,2013,22,10,05,2.40
5454,12,15,2013,4,10,23,2.40
5454,12,15,2013,10,10,04,2.40
5454,12,15,2013,16,10,04,2.40
5454,12,15,2013,22,10,04,2.40
5454,12,16,2013,4,10,04,2.40
5454,12,16,2013,10,10,05,2.40
5454,12,16,2013,16,10,04,2.40
5454,12,16,2013,22,10,42,2.40
5454,12,17,2013,4,10,04,2.40
5454,12,17,2013,10,10,04,2.40
5454,12,17,2013,16,10,04,2.40
5454,12,17,2013,22,10,04,2.40
5454,12,18,2013,4,10,04,2.40
5454,12,18,2013,10,12,43,2.40
5454,12,18,2013,16,10,19,2.40
5454,12,18,2013,22,10,19,2.40
5454,12,19,2013,4,32,19,2.40
5454,12,19,2013,10,10,18,2.40
5454,12,19,2013,16,10,22,2.40
5454,12,19,2013,22,11,40,2.40
5454,12,20,2013,2,52,50,2.44
5454,12,20,2013,4,12,45,2.44
5454,12,20,2013,6,17,56,2.51
5454,12,20,2013,6,39,31,2.55
5454,12,20,2013,6,57,57,2.59
5454,12,20,2013,7,23,36,2.63
5454,12,20,2013,7,43,46,2.67
5454,12,20,2013,7,50,36,2.71
5454,12,20,2013,8,15,38,2.75
5454,12,20,2013,16,12,28,2.75
5454,12,20,2013,22,10,16,2.75
5454,12,21,2013,4,10,18,2.75
5454,12,21,2013,10,10,43,2.75
5454,12,21,2013,16,10,15,2.75
5454,12,21,2013,22,10,14,2.75
5454,12,22,2013,4,17,39,2.75
5454,12,22,2013,10,10,13,2.75
5454,12,22,2013,16,10,14,2.75
5454,12,22,2013,22,10,13,2.75
5454,12,23,2013,10,10,12,2.75
5454,12,23,2013,16,10,12,2.75
5454,12,23,2013,22,11,11,2.75
5454,12,24,2013,4,12,51,2.75
5454,12,24,2013,16,11,20,2.75
5454,12,24,2013,22,10,11,2.75
5454,12,25,2013,4,18,45,2.75
5454,12,25,2013,10,10,09,2.75
5454,12,25,2013,16,11,53,2.75
5454,12,25,2013,22,11,41,2.75
5454,12,26,2013,10,10,08,2.75
5454,12,26,2013,16,10,06,2.75
5454,12,26,2013,22,10,07,2.75
5454,12,27,2013,4,12,17,2.75
5454,12,27,2013,10,10,06,2.75
5454,12,27,2013,16,10,06,2.75
5454,12,27,2013,22,10,06,2.75
5454,12,28,2013,10,10,06,2.75
5454,12,28,2013,22,10,06,2.75
5454,12,29,2013,4,10,22,2.75
5454,12,29,2013,16,10,21,2.75
5454,12,30,2013,4,10,21,2.75
5454,12,30,2013,10,10,20,2.75
5454,12,30,2013,22,10,19,2.75
5454,12,31,2013,4,10,19,2.75
5454,12,31,2013,10,10,19,2.75
5454,12,31,2013,16,10,18,2.75
5454,12,31,2013,22,10,18,2.75
5454,1,1,2014,4,10,17,2.75
5454,1,1,2014,10,10,17,2.75
5454,1,1,2014,16,10,17,2.75
5454,1,1,2014,22,10,16,2.75
5454,1,2,2014,4,10,16,2.75
5454,1,2,2014,10,10,15,2.75
5454,1,2,2014,16,10,15,2.75
5454,1,2,2014,22,10,14,2.75
5454,1,3,2014,4,10,14,2.75
5454,1,3,2014,10,10,15,2.75
5454,1,3,2014,22,10,13,2.75
5454,1,4,2014,4,10,13,2.75
5454,1,4,2014,16,10,12,2.75
5454,1,4,2014,22,10,12,2.75
5454,1,5,2014,4,10,11,2.75
5454,1,5,2014,10,10,11,2.75
5454,1,5,2014,16,10,11,2.75
5454,1,6,2014,4,10,11,2.75
5454,1,6,2014,10,10,10,2.75
5454,1,6,2014,16,10,10,2.75
5454,1,6,2014,22,10,08,2.75
5454,1,7,2014,4,10,08,2.75
5454,1,8,2014,4,10,08,2.75
5454,1,8,2014,10,10,08,2.75
5454,1,8,2014,16,10,08,2.75
5454,1,9,2014,4,10,24,2.75
5454,1,9,2014,10,10,23,2.75
5454,1,9,2014,22,10,23,2.75
5454,1,10,2014,4,10,23,2.75
5454,1,10,2014,10,10,22,2.75
5454,1,10,2014,16,10,22,2.75
5454,1,10,2014,22,10,21,2.75
5454,1,11,2014,4,10,20,2.75
5454,1,11,2014,10,10,20,2.75
5454,1,11,2014,16,10,19,2.75
5454,1,12,2014,4,10,18,2.75
5454,1,12,2014,10,10,17,2.75
5454,1,12,2014,16,10,16,2.75
5454,1,12,2014,22,10,16,2.75
5454,1,13,2014,4,10,16,2.75
5454,1,13,2014,10,10,15,2.75
5454,1,13,2014,16,10,15,2.75
5454,1,13,2014,22,10,15,2.75
5454,1,14,2014,4,10,14,2.75
5454,1,14,2014,10,10,14,2.75
5454,1,14,2014,16,10,13,2.75
5454,1,14,2014,22,10,13,2.75
5454,1,15,2014,4,10,12,2.75
5454,1,15,2014,10,10,13,2.75
5454,1,15,2014,16,10,12,2.75
5454,1,15,2014,22,10,11,2.75
5454,1,16,2014,4,10,11,2.75
5454,1,16,2014,10,10,11,2.75
5454,1,16,2014,16,10,10,2.75
5454,1,16,2014,22,10,10,2.75
5454,1,17,2014,4,10,09,2.75
5454,1,17,2014,10,10,09,2.75
5454,1,17,2014,16,10,09,2.75
5454,1,17,2014,22,10,09,2.75
5454,1,18,2014,10,10,09,2.75
5454,1,18,2014,16,10,09,2.75
5454,1,18,2014,22,10,09,2.75
5454,1,19,2014,4,10,09,2.75
5454,1,19,2014,10,10,09,2.75
5454,1,19,2014,16,10,09,2.75
5454,1,19,2014,22,10,09,2.75
5454,1,20,2014,4,10,09,2.75
5454,1,20,2014,10,10,24,2.75
5454,1,20,2014,16,10,23,2.75
5454,1,20,2014,22,10,24,2.75
5454,1,21,2014,4,11,07,2.75
5454,1,21,2014,10,10,22,2.75
5454,1,21,2014,16,10,22,2.75
5454,1,21,2014,22,10,21,2.75
5454,1,22,2014,4,11,13,2.75
5454,1,22,2014,10,10,20,2.75
5454,1,22,2014,16,10,20,2.75
5454,1,22,2014,22,10,19,2.75
5454,1,23,2014,4,11,12,2.75
5454,1,23,2014,16,10,18,2.75
5454,1,24,2014,4,11,05,2.75
5454,1,24,2014,10,10,17,2.75
5454,1,24,2014,16,10,58,2.75
5454,1,24,2014,22,10,16,2.75
5454,1,25,2014,10,10,15,2.75
5454,1,25,2014,16,10,15,2.75
5454,1,25,2014,22,10,14,2.75
5454,1,26,2014,4,10,14,2.75
5454,1,26,2014,10,10,14,2.75
5454,1,26,2014,22,10,13,2.75
5454,1,27,2014,4,10,29,2.75
5454,1,27,2014,10,10,12,2.75
5454,1,27,2014,16,10,11,2.75
5454,1,27,2014,22,10,11,2.75
5454,1,28,2014,4,11,10,2.75
5454,1,28,2014,10,10,10,2.75
5454,1,28,2014,16,10,12,2.75
5454,1,28,2014,22,10,10,2.75
5454,1,29,2014,4,10,09,2.75
5454,1,29,2014,10,10,09,2.75
5454,1,29,2014,16,10,08,2.75
5454,1,29,2014,22,10,08,2.75
5454,1,30,2014,4,10,08,2.75
5454,1,30,2014,10,10,08,2.75
5454,1,30,2014,16,10,07,2.75
5454,1,30,2014,22,10,07,2.75
5454,1,31,2014,4,10,07,2.75
5454,1,31,2014,10,10,07,2.75
5454,1,31,2014,22,10,07,2.75
5454,2,1,2014,4,10,07,2.75
5454,2,1,2014,10,10,07,2.75
5454,2,1,2014,16,10,07,2.75
5454,2,1,2014,22,10,22,2.75
5454,2,2,2014,4,10,22,2.75
5454,2,2,2014,10,10,22,2.75
5454,2,2,2014,16,10,21,2.75
5454,2,2,2014,22,10,21,2.75
5454,2,3,2014,4,10,21,2.75
5454,2,3,2014,10,10,21,2.75
5454,2,3,2014,16,10,19,2.75
5454,2,3,2014,22,10,19,2.75
5454,2,4,2014,4,10,19,2.75
5454,2,4,2014,16,10,19,2.75
5454,2,4,2014,22,10,18,2.75
5454,2,5,2014,4,10,17,2.75
5454,2,5,2014,10,10,17,2.75
5454,2,5,2014,16,10,16,2.75
5454,2,5,2014,22,10,16,2.75
5454,2,6,2014,4,10,16,2.75
5454,2,6,2014,10,10,15,2.75
5454,2,6,2014,16,10,14,2.75
5454,2,6,2014,22,10,14,2.75
5454,2,7,2014,4,10,51,2.75
5454,2,7,2014,10,10,13,2.75
5454,2,7,2014,16,10,13,2.75
5454,2,7,2014,22,10,12,2.75
5454,2,8,2014,4,10,12,2.75
5454,2,8,2014,10,10,11,2.75
5454,2,8,2014,16,10,11,2.75
5454,2,8,2014,22,10,11,2.75
5454,2,9,2014,4,10,11,2.75
5454,2,9,2014,10,10,11,2.75
5454,2,9,2014,16,10,10,2.75
5454,2,9,2014,22,10,09,2.75
5454,2,10,2014,4,10,09,2.75
5454,2,10,2014,10,10,09,2.75
5454,2,10,2014,16,10,08,2.75
5454,2,10,2014,22,10,08,2.75
5454,2,11,2014,4,10,08,2.75
5454,2,11,2014,10,10,08,2.75
5454,2,11,2014,16,10,08,2.75
5454,2,11,2014,22,10,08,2.75
5454,2,12,2014,4,10,08,2.75
5454,2,12,2014,10,10,08,2.75
5454,2,12,2014,16,10,08,2.75
5454,2,12,2014,22,10,08,2.75
5454,2,13,2014,4,10,08,2.75
5454,2,13,2014,10,10,18,2.75
5454,2,13,2014,16,10,18,2.75
5454,2,13,2014,22,10,17,2.75
5454,2,14,2014,4,10,17,2.75
5454,2,14,2014,10,10,16,2.75
5454,2,14,2014,16,10,16,2.75
5454,2,14,2014,22,10,16,2.75
5454,2,15,2014,4,10,15,2.75
5454,2,15,2014,10,10,15,2.75
5454,2,15,2014,16,10,14,2.75
5454,2,15,2014,22,10,14,2.75
5454,2,16,2014,4,10,13,2.75
5454,2,16,2014,10,10,13,2.75
5454,2,16,2014,16,10,13,2.75
5454,2,16,2014,22,10,12,2.75
5454,2,17,2014,4,10,12,2.75
5454,2,17,2014,10,10,11,2.75
5454,2,17,2014,16,10,11,2.75
5454,2,17,2014,22,10,10,2.75
5454,2,18,2014,4,10,10,2.75
5454,2,18,2014,10,10,10,2.75
5454,2,18,2014,22,10,10,2.75
5454,2,19,2014,4,10,09,2.75
5454,2,19,2014,10,10,08,2.75
5454,2,19,2014,16,10,08,2.75
5454,2,19,2014,22,10,08,2.75
5454,2,20,2014,4,10,08,2.75
5454,2,20,2014,10,10,07,2.75
5454,2,20,2014,16,10,06,2.75
5454,2,21,2014,10,10,05,2.75
5454,2,22,2014,4,10,05,2.75
5454,2,22,2014,16,10,05,2.75
5454,2,23,2014,16,10,05,2.75
5454,2,23,2014,22,10,20,2.75
5454,2,24,2014,4,10,20,2.75
5454,2,24,2014,10,10,20,2.75
5454,2,24,2014,16,10,19,2.75
5454,2,24,2014,22,10,19,2.75
5454,2,25,2014,4,10,18,2.75
5454,2,25,2014,10,10,18,2.75
5454,2,25,2014,16,10,17,2.75
5454,2,25,2014,22,10,17,2.75
5454,2,26,2014,4,10,17,2.75
5454,2,26,2014,10,10,17,2.75
5454,2,26,2014,16,10,17,2.75
5454,2,26,2014,22,10,16,2.75
5454,2,27,2014,10,10,15,2.75
5454,2,27,2014,16,10,14,2.75
5454,2,28,2014,4,10,14,2.75
5454,2,28,2014,10,10,13,2.75
5454,2,28,2014,16,10,13,2.75
5454,2,28,2014,22,10,12,2.75
5454,3,1,2014,2,36,13,2.79
5454,3,1,2014,4,10,12,2.79
5454,3,1,2014,4,21,12,2.83
5454,3,1,2014,6,29,13,2.87
5454,3,1,2014,8,38,12,2.91
5454,3,1,2014,10,10,11,2.91
5454,3,1,2014,10,53,55,2.95
5454,3,1,2014,11,03,31,2.99
5454,3,1,2014,11,24,52,3.03
5454,3,1,2014,14,58,51,3.07
5454,3,1,2014,15,35,11,3.22
5454,3,1,2014,15,35,52,3.26
5454,3,1,2014,15,36,31,3.30
5454,3,1,2014,15,37,31,3.34
5454,3,1,2014,15,38,55,3.38
5454,3,1,2014,15,40,11,3.42
5454,3,1,2014,15,41,13,3.46
5454,3,1,2014,15,55,51,3.50
5454,3,1,2014,19,17,11,3.58
5454,3,1,2014,19,21,34,3.62
5454,3,1,2014,19,25,31,3.66
5454,3,1,2014,19,28,11,3.70
5454,3,1,2014,19,32,51,3.74
5454,3,1,2014,19,38,51,3.77
5454,3,1,2014,19,40,53,3.81
5454,3,1,2014,19,41,31,3.85
5454,3,1,2014,19,42,11,3.89
5454,3,1,2014,19,42,31,3.93
5454,3,1,2014,19,43,11,3.97
5454,3,1,2014,19,43,52,4.01
5454,3,1,2014,19,45,12,4.05
5454,3,1,2014,19,46,31,4.13
5454,3,1,2014,19,47,32,4.17
5454,3,1,2014,19,50,11,4.21
5454,3,1,2014,19,54,54,4.25
5454,3,1,2014,20,07,11,4.29
5454,3,1,2014,20,16,32,4.33
5454,3,1,2014,22,10,11,4.37
5454,3,2,2014,4,10,10,4.37
5454,3,2,2014,10,10,10,4.37
5454,3,2,2014,16,10,10,4.37
5454,3,2,2014,22,10,10,4.37
5454,3,3,2014,4,10,09,4.37
5454,3,3,2014,10,10,09,4.37
5454,3,3,2014,16,10,09,4.37
5454,3,3,2014,22,10,07,4.37
5454,3,4,2014,4,10,06,4.37
5454,3,4,2014,10,10,06,4.37
5454,3,4,2014,16,10,06,4.37
5454,3,4,2014,22,10,05,4.37
5454,3,5,2014,4,10,05,4.37
5454,3,5,2014,10,10,05,4.37
5454,3,5,2014,16,10,05,4.37
5454,3,5,2014,22,10,04,4.37
5454,3,6,2014,4,10,04,4.37
5454,3,6,2014,10,10,03,4.37
5454,3,6,2014,16,10,03,4.37
5454,3,6,2014,22,10,02,4.37
5454,3,7,2014,4,10,02,4.37
5454,3,7,2014,10,10,02,4.37
5454,3,7,2014,16,10,02,4.37
5454,3,7,2014,22,10,02,4.37
5454,3,8,2014,4,10,02,4.37
5454,3,8,2014,10,10,02,4.37
5454,3,8,2014,22,10,02,4.37
5454,3,9,2014,4,10,02,4.37
5454,3,9,2014,10,10,01,4.37
5454,3,9,2014,16,10,01,4.37
5454,3,9,2014,22,10,01,4.37
5454,3,10,2014,4,10,16,4.37
5454,3,10,2014,10,10,16,4.37
5454,3,10,2014,16,10,16,4.37
5454,3,10,2014,22,10,15,4.37
5454,3,11,2014,4,10,15,4.37
5454,3,11,2014,10,10,15,4.37
5454,3,11,2014,16,10,14,4.37
5454,3,11,2014,22,10,13,4.37
5454,3,12,2014,4,10,13,4.37
5454,3,12,2014,16,10,13,4.37
5454,3,12,2014,22,10,12,4.37
5454,3,13,2014,4,10,12,4.37
5454,3,13,2014,10,10,11,4.37
5454,3,13,2014,16,10,10,4.37
5454,3,13,2014,22,10,10,4.37
5454,3,14,2014,10,10,09,4.37
5454,3,14,2014,16,10,09,4.37
5454,3,14,2014,22,10,08,4.37
5454,3,15,2014,4,10,08,4.37
5454,3,15,2014,10,10,07,4.37
5454,3,15,2014,16,10,07,4.37
5454,3,15,2014,22,10,07,4.37
5454,3,16,2014,4,10,06,4.37
5454,3,16,2014,10,10,06,4.37
5454,3,16,2014,16,10,05,4.37
5454,3,16,2014,22,10,05,4.37
5454,3,17,2014,4,10,04,4.37
5454,3,17,2014,10,10,04,4.37
5454,3,17,2014,16,10,04,4.37
5454,3,17,2014,22,10,03,4.37
5454,3,18,2014,4,10,03,4.37
5454,3,18,2014,10,10,02,4.37
5454,3,18,2014,16,10,02,4.37
5454,3,18,2014,22,10,02,4.37
5454,3,19,2014,4,10,02,4.37
5454,3,19,2014,10,10,01,4.37
5454,3,19,2014,16,10,01,4.37
5454,3,19,2014,22,10,01,4.37
5454,3,20,2014,4,10,01,4.37
5454,3,20,2014,10,10,00,4.37
5454,3,20,2014,16,09,59,4.37
5454,3,20,2014,22,09,59,4.37
5454,3,21,2014,4,09,58,4.37
5454,3,21,2014,10,09,58,4.37
5454,3,21,2014,16,09,58,4.37
5454,3,22,2014,16,09,57,4.37
5454,3,22,2014,22,09,57,4.37
5454,3,23,2014,4,09,57,4.37
5454,3,23,2014,10,09,57,4.37
5454,3,23,2014,16,09,57,4.37
5454,3,23,2014,22,09,56,4.37
5454,3,24,2014,4,09,56,4.37
5454,3,24,2014,10,09,56,4.37
5454,3,24,2014,16,09,56,4.37
5454,3,24,2014,22,09,56,4.37
5454,3,25,2014,4,10,11,4.37
5454,3,25,2014,10,10,11,4.37
5454,3,25,2014,16,10,10,4.37
5454,3,25,2014,22,10,10,4.37
5454,3,26,2014,4,10,10,4.37
5454,3,26,2014,10,10,09,4.37
5454,3,26,2014,16,10,08,4.37
5454,3,26,2014,22,10,08,4.37
5454,3,27,2014,4,10,08,4.37
5454,3,27,2014,10,10,08,4.37
5454,3,27,2014,16,10,08,4.37
5454,3,27,2014,22,10,07,4.37
5454,3,28,2014,4,10,07,4.37
5454,3,28,2014,10,10,06,4.37
5454,3,28,2014,16,10,05,4.37
5454,3,28,2014,22,10,05,4.37
5454,3,29,2014,4,10,04,4.37
5454,3,29,2014,10,10,04,4.37
5454,3,29,2014,16,10,04,4.37
5454,3,29,2014,22,10,03,4.37
5454,3,30,2014,4,10,03,4.37
5454,3,30,2014,10,10,02,4.37
5454,3,30,2014,16,10,02,4.37
5454,3,30,2014,22,10,01,4.37
5454,3,31,2014,4,10,01,4.37
5454,3,31,2014,10,10,01,4.37
5454,3,31,2014,16,10,00,4.37
5454,3,31,2014,22,10,00,4.37
5454,4,1,2014,4,10,00,4.37
5454,4,1,2014,10,09,59,4.37
5454,4,1,2014,16,09,59,4.37
5454,4,1,2014,22,09,59,4.37
5454,4,2,2014,4,09,59,4.37
5454,4,2,2014,10,09,58,4.37
5454,4,2,2014,16,09,57,4.37
5454,4,2,2014,22,09,57,4.37
5454,4,3,2014,4,09,56,4.37
5454,4,3,2014,10,09,56,4.37
5454,4,3,2014,16,09,56,4.37
5454,4,3,2014,22,09,55,4.37
5454,4,4,2014,4,09,55,4.37
5454,4,4,2014,10,09,55,4.37
5454,4,4,2014,16,09,54,4.37
5454,4,4,2014,22,09,54,4.37
5454,4,5,2014,4,09,54,4.37
5454,4,5,2014,10,09,53,4.37
5454,4,5,2014,16,09,52,4.37
5454,4,6,2014,16,09,52,4.37
5454,4,6,2014,22,09,52,4.37
5454,4,7,2014,4,09,51,4.37
5454,4,7,2014,10,09,51,4.37
5454,4,7,2014,22,09,51,4.37
5454,4,8,2014,4,09,51,4.37
5454,4,8,2014,16,09,51,4.37
5454,4,8,2014,22,09,51,4.37
5454,4,9,2014,4,10,06,4.37
5454,4,9,2014,10,10,05,4.37
5454,4,9,2014,16,10,05,4.37
5454,4,9,2014,22,10,04,4.37
5454,4,10,2014,4,10,04,4.37
5454,4,10,2014,10,10,04,4.37
5454,4,10,2014,16,10,03,4.37
5454,4,10,2014,22,10,03,4.37
5454,4,11,2014,4,10,02,4.37
5454,4,11,2014,10,10,02,4.37
5454,4,11,2014,16,10,01,4.37
5454,4,11,2014,22,10,01,4.37
5454,4,12,2014,4,10,01,4.37
5454,4,12,2014,16,10,00,4.37
5454,4,12,2014,22,09,59,4.37
5454,4,13,2014,4,09,59,4.37
5454,4,13,2014,22,09,58,4.37
5454,4,14,2014,4,09,57,4.37
5454,4,14,2014,10,09,57,4.37
5454,4,14,2014,16,09,56,4.37
5454,4,14,2014,22,09,56,4.37
5454,4,15,2014,4,09,55,4.37
5454,4,15,2014,10,09,55,4.37
5454,4,15,2014,16,09,55,4.37
5454,4,15,2014,22,09,54,4.37
5454,4,16,2014,4,09,54,4.37
5454,4,16,2014,10,09,53,4.37
5454,4,16,2014,16,09,54,4.37
5454,4,16,2014,22,09,53,4.37
5454,4,17,2014,4,09,52,4.37
5454,4,17,2014,10,09,53,4.37
5454,4,17,2014,16,09,52,4.37
5454,4,17,2014,22,09,52,4.37
5454,4,18,2014,4,09,51,4.37
5454,4,18,2014,10,09,50,4.37
5454,4,18,2014,16,09,50,4.37
5454,4,18,2014,22,09,49,4.37
5454,4,19,2014,4,09,49,4.37
5454,4,19,2014,10,09,48,4.37
5454,4,19,2014,16,09,48,4.37
5454,4,19,2014,22,09,48,4.37
5454,4,20,2014,4,09,47,4.37
5454,4,20,2014,10,09,47,4.37
5454,4,20,2014,16,09,47,4.37
5454,4,20,2014,22,09,46,4.37
5454,4,21,2014,4,09,46,4.37
5454,4,21,2014,10,09,46,4.37
5454,4,21,2014,16,09,45,4.37
5454,4,21,2014,22,09,45,4.37
5454,4,22,2014,4,09,45,4.37
5454,4,22,2014,22,09,43,4.37
5454,4,23,2014,10,09,43,4.37
5454,4,23,2014,16,09,43,4.37
5454,4,23,2014,22,09,43,4.37
5454,4,24,2014,4,09,43,4.37
5454,4,24,2014,10,09,43,4.37
5454,4,24,2014,16,09,43,4.37
5454,4,24,2014,22,09,43,4.37
5454,4,25,2014,4,09,43,4.37
5454,4,25,2014,10,09,42,4.37
5454,4,25,2014,16,09,42,4.37
5454,4,25,2014,22,09,42,4.37
5454,4,26,2014,4,09,57,4.37
5454,4,26,2014,10,09,57,4.37
5454,4,26,2014,16,09,56,4.37
5454,4,26,2014,22,09,56,4.37
5454,4,27,2014,4,09,56,4.37
5454,4,27,2014,10,09,55,4.37
5454,4,27,2014,16,09,55,4.37
5454,4,27,2014,22,09,54,4.37
5454,4,28,2014,4,09,54,4.37
5454,4,28,2014,10,09,53,4.37
5454,4,28,2014,16,09,53,4.37
5454,4,29,2014,4,09,52,4.37
5454,4,29,2014,10,09,52,4.37
5454,4,29,2014,16,09,51,4.37
5454,4,29,2014,22,09,51,4.37
5454,4,30,2014,4,09,50,4.37
5454,4,30,2014,10,09,50,4.37
5454,4,30,2014,16,09,50,4.37
5454,4,30,2014,22,09,49,4.37
5454,5,1,2014,4,09,49,4.37
5454,5,1,2014,10,09,48,4.37
5454,5,1,2014,16,09,48,4.37
5454,5,1,2014,22,09,47,4.37
5454,5,2,2014,4,09,47,4.37
5454,5,2,2014,10,09,47,4.37
5454,5,2,2014,16,09,46,4.37
5454,5,2,2014,22,09,46,4.37
5454,5,3,2014,4,09,45,4.37
5454,5,3,2014,10,09,45,4.37
5454,5,3,2014,16,09,44,4.37
5454,5,3,2014,22,09,44,4.37
5454,5,4,2014,4,09,44,4.37
5454,5,4,2014,10,09,43,4.37
5454,5,4,2014,16,09,43,4.37
5454,5,4,2014,22,09,42,4.37
5454,5,5,2014,4,09,42,4.37
5454,5,5,2014,10,09,42,4.37
5454,5,5,2014,16,09,41,4.37
5454,5,5,2014,22,09,41,4.37
5454,5,6,2014,4,09,40,4.37
5454,5,6,2014,10,09,40,4.37
5454,5,6,2014,16,09,39,4.37
5454,5,6,2014,22,09,39,4.37
5454,5,7,2014,4,09,39,4.37
5454,5,7,2014,10,09,39,4.37
5454,5,7,2014,16,09,39,4.37
5454,5,7,2014,22,09,38,4.37
5454,5,8,2014,4,09,37,4.37
5454,5,8,2014,10,09,37,4.37
5454,5,8,2014,16,09,36,4.37
5454,5,8,2014,22,09,36,4.37
5454,5,9,2014,4,09,36,4.37
5454,5,9,2014,10,09,36,4.37
5454,5,9,2014,16,09,35,4.37
5454,5,9,2014,22,09,35,4.37
5454,5,10,2014,4,09,35,4.37
5454,5,10,2014,10,09,35,4.37
5454,5,10,2014,16,09,35,4.37
5454,5,10,2014,22,09,35,4.37
5454,5,11,2014,4,09,35,4.37
5454,5,11,2014,10,09,35,4.37
5454,5,11,2014,16,09,34,4.37
5454,5,11,2014,22,09,34,4.37
5454,5,12,2014,4,09,34,4.37
5454,5,12,2014,10,09,34,4.37
5454,5,12,2014,16,09,34,4.37
5454,5,12,2014,22,09,49,4.37
5454,5,13,2014,4,09,48,4.37
5454,5,13,2014,10,09,49,4.37
5454,5,13,2014,16,09,48,4.37
5454,5,13,2014,22,09,47,4.37
5454,5,14,2014,4,09,47,4.37
5454,5,14,2014,10,09,46,4.37
5454,5,14,2014,16,09,46,4.37
5454,5,14,2014,22,09,45,4.37
5454,5,15,2014,4,09,45,4.37
5454,5,15,2014,10,09,45,4.37
5454,5,15,2014,16,09,44,4.37
5454,5,15,2014,22,09,44,4.37
5454,5,16,2014,4,09,43,4.37
5454,5,16,2014,10,09,43,4.37
5454,5,16,2014,16,09,42,4.37
5454,5,16,2014,22,09,42,4.37
5454,5,17,2014,10,09,41,4.37
5454,5,17,2014,16,09,41,4.37
5454,5,17,2014,22,09,40,4.37
5454,5,18,2014,4,09,40,4.37
5454,5,18,2014,10,09,40,4.37
5454,5,18,2014,16,09,39,4.37
5454,5,18,2014,22,09,39,4.37
5454,5,19,2014,4,09,38,4.37
5454,5,19,2014,10,09,38,4.37
5454,5,19,2014,16,09,37,4.37
5454,5,19,2014,22,09,38,4.37
5454,5,20,2014,4,09,37,4.37
5454,5,20,2014,9,19,17,4.37
5454,5,20,2014,15,18,56,4.37
5454,5,20,2014,21,18,56,4.37
5454,5,21,2014,3,18,56,4.37
5454,5,21,2014,9,18,55,4.37
5454,5,21,2014,15,18,55,4.37
5454,5,21,2014,21,18,54,4.37
5454,5,22,2014,3,18,53,4.37
5454,5,22,2014,9,18,53,4.37
5454,5,22,2014,15,18,52,4.37
5454,5,22,2014,21,18,52,4.37
5454,5,23,2014,3,18,52,4.37
5454,5,23,2014,9,18,52,4.37
5454,5,23,2014,15,18,51,4.37
5454,5,23,2014,21,18,51,4.37
5454,5,24,2014,3,18,50,4.37
5454,5,24,2014,9,18,50,4.37
5454,5,24,2014,15,18,49,4.37
5454,5,24,2014,21,18,49,4.37
5454,5,25,2014,3,18,48,4.37
5454,5,25,2014,9,18,48,4.37
5454,5,25,2014,15,18,48,4.37
5454,5,25,2014,21,18,47,4.37
5454,5,26,2014,3,18,47,4.37
5454,5,26,2014,9,18,46,4.37
5454,5,26,2014,15,18,46,4.37
5454,5,26,2014,21,18,46,4.37
5454,5,27,2014,3,18,45,4.37
5454,5,27,2014,9,18,45,4.37
5454,5,27,2014,15,18,44,4.37
5454,5,27,2014,21,18,44,4.37
5454,5,28,2014,3,18,43,4.37
5454,5,28,2014,9,18,43,4.37
5454,5,28,2014,15,18,42,4.37
5454,5,28,2014,21,18,42,4.37
5454,5,29,2014,3,18,42,4.37
5454,5,29,2014,9,18,42,4.37
5454,5,29,2014,15,18,42,4.37
5454,5,29,2014,21,18,41,4.37
5454,5,30,2014,3,18,40,4.37
5454,5,30,2014,9,18,40,4.37
5454,5,30,2014,15,18,40,4.37
5454,5,30,2014,21,18,39,4.37
5454,5,31,2014,3,18,38,4.37
5454,5,31,2014,9,18,38,4.37
5454,5,31,2014,15,18,38,4.37
5454,6,1,2014,3,18,37,4.37
5454,6,1,2014,9,18,37,4.37
5454,6,1,2014,15,18,37,4.37
5454,6,1,2014,21,18,37,4.37
5454,6,2,2014,3,18,37,4.37
5454,6,2,2014,9,18,36,4.37
5454,6,2,2014,15,18,36,4.37
5454,6,2,2014,21,18,36,4.37
5454,6,3,2014,3,18,36,4.37
5454,6,3,2014,9,18,36,4.37
5454,6,3,2014,15,18,35,4.37
5454,6,3,2014,21,18,35,4.37
5454,6,4,2014,3,18,35,4.37
5454,6,4,2014,9,18,35,4.37
5454,6,4,2014,15,18,35,4.37
5454,6,4,2014,21,18,35,4.37
5454,6,5,2014,3,18,34,4.37
5454,6,5,2014,9,18,49,4.37
5454,6,5,2014,15,18,49,4.37
5454,6,5,2014,21,18,48,4.37
5454,6,6,2014,3,18,48,4.37
5454,6,6,2014,9,18,47,4.37
5454,6,6,2014,15,18,47,4.37
5454,6,6,2014,21,18,47,4.37
5454,6,7,2014,3,18,46,4.37
5454,6,7,2014,9,18,46,4.37
5454,6,7,2014,15,18,45,4.37
5454,6,7,2014,21,18,45,4.37
5454,6,8,2014,3,18,45,4.37
5454,6,8,2014,9,18,44,4.37
5454,6,8,2014,15,18,44,4.37
5454,6,8,2014,21,18,43,4.37
5454,6,9,2014,3,18,43,4.37
5454,6,9,2014,9,18,42,4.37
5454,6,9,2014,15,18,42,4.37
5454,6,9,2014,21,18,41,4.37
5454,6,10,2014,3,18,42,4.37
5454,6,10,2014,9,18,41,4.37
5454,6,10,2014,15,18,41,4.37
5454,6,10,2014,21,18,40,4.37
5454,6,11,2014,3,18,40,4.37
5454,6,11,2014,9,18,40,4.37
5454,6,11,2014,15,18,39,4.37
5454,6,11,2014,21,18,38,4.37
5454,6,12,2014,3,18,38,4.37
5454,6,12,2014,9,18,37,4.37
5454,6,12,2014,15,18,37,4.37
5454,6,12,2014,21,18,37,4.37
5454,6,13,2014,3,18,37,4.37
5454,6,13,2014,9,18,36,4.37
5454,6,13,2014,15,18,35,4.37
5454,6,13,2014,21,18,35,4.37
5454,6,14,2014,3,18,34,4.37
5454,6,14,2014,9,18,34,4.37
5454,6,14,2014,15,18,34,4.37
5454,6,14,2014,21,18,33,4.37
5454,6,15,2014,3,18,33,4.37
5454,6,15,2014,9,18,32,4.37
5454,6,15,2014,15,18,32,4.37
5454,6,15,2014,21,18,31,4.37
5454,6,16,2014,3,18,31,4.37
5454,6,16,2014,9,18,32,4.37
5454,6,16,2014,15,18,30,4.37
5454,6,16,2014,21,18,30,4.37
5454,6,17,2014,3,18,29,4.37
5454,6,17,2014,9,18,29,4.37
5454,6,17,2014,15,18,29,4.37
5454,6,17,2014,21,18,28,4.37
5454,6,18,2014,3,18,28,4.37
5454,6,18,2014,9,18,28,4.37
5454,6,18,2014,15,18,27,4.37
5454,6,18,2014,21,18,26,4.37
5454,6,19,2014,3,18,26,4.37
5454,6,19,2014,9,18,26,4.37
5454,6,19,2014,15,18,26,4.37
5454,6,19,2014,21,18,25,4.37
5454,6,20,2014,3,18,25,4.37
5454,6,20,2014,9,18,25,4.37
5454,6,20,2014,15,18,25,4.37
5454,6,20,2014,21,18,25,4.37
5454,6,21,2014,3,18,23,4.37
5454,6,21,2014,9,18,23,4.37
5454,6,21,2014,15,18,23,4.37
5454,6,21,2014,21,18,22,4.37
5454,6,22,2014,3,18,22,4.37
5454,6,22,2014,9,18,21,4.37
5454,6,22,2014,15,18,21,4.37
5454,6,22,2014,21,18,20,4.37
5454,6,23,2014,9,18,32,4.37
5454,6,24,2014,9,18,32,4.37
5454,6,24,2014,15,18,31,4.37
5454,6,24,2014,21,18,31,4.37
5454,6,25,2014,9,18,30,4.37
5454,6,25,2014,15,18,30,4.37
5454,6,25,2014,21,18,30,4.37
5454,6,26,2014,3,18,29,4.37
5454,6,26,2014,9,18,28,4.37
5454,6,26,2014,15,18,28,4.37
5454,6,26,2014,21,18,28,4.37
5454,6,27,2014,9,18,27,4.37
5454,6,27,2014,15,18,27,4.37
5454,6,27,2014,21,18,26,4.37
5454,6,28,2014,3,18,26,4.37
5454,6,28,2014,9,18,25,4.37
5454,6,28,2014,15,18,25,4.37
5454,6,28,2014,21,18,25,4.37
5454,6,29,2014,3,18,24,4.37
5454,6,29,2014,9,18,24,4.37
5454,6,29,2014,15,18,24,4.37
5454,6,29,2014,21,18,23,4.37
5454,6,30,2014,3,18,22,4.37
5454,6,30,2014,9,18,22,4.37
5454,6,30,2014,15,18,22,4.37
5454,6,30,2014,21,18,21,4.37
5454,7,1,2014,3,18,21,4.37
5454,7,1,2014,9,18,21,4.37
5454,7,1,2014,15,18,20,4.37
5454,7,2,2014,15,18,18,4.37
5454,7,3,2014,3,18,16,4.37
5454,7,3,2014,9,18,16,4.37
5454,7,3,2014,15,18,16,4.37
5454,7,3,2014,21,00,59,4.40
5454,7,3,2014,21,04,15,4.48
5454,7,3,2014,21,06,15,4.52
5454,7,3,2014,21,06,56,4.56
5454,7,3,2014,21,08,58,4.64
5454,7,3,2014,21,10,36,4.68
5454,7,3,2014,21,11,19,4.72
5454,7,3,2014,21,12,35,4.76
5454,7,3,2014,21,13,36,4.80
5454,7,3,2014,21,15,55,4.84
5454,7,3,2014,21,18,15,4.84
5454,7,3,2014,21,18,55,4.88
5454,7,3,2014,21,22,15,4.92
5454,7,3,2014,21,24,36,4.96
5454,7,3,2014,21,28,56,5.00
5454,7,3,2014,21,31,55,5.03
5454,7,3,2014,21,35,15,5.07
5454,7,3,2014,21,38,15,5.11
5454,7,3,2014,21,42,38,5.15
5454,7,3,2014,21,47,55,5.19
5454,7,3,2014,21,55,35,5.23
5454,7,3,2014,23,52,15,5.31
5454,7,4,2014,0,53,59,5.35
5454,7,4,2014,3,18,15,5.35
5454,7,4,2014,9,18,15,5.35
5454,7,4,2014,15,18,14,5.35
5454,7,4,2014,21,18,14,5.35
5454,7,5,2014,3,18,14,5.35
5454,7,5,2014,9,18,13,5.35
5454,7,5,2014,15,18,12,5.35
5454,7,5,2014,21,18,12,5.35
5454,7,5,2014,23,54,11,5.39
5454,7,6,2014,0,02,31,5.43
5454,7,6,2014,0,11,32,5.47
5454,7,6,2014,3,18,12,5.47
5454,7,6,2014,9,18,12,5.47
5454,7,6,2014,15,18,10,5.47
5454,7,6,2014,21,18,10,5.47
5454,7,7,2014,3,18,10,5.47
5454,7,7,2014,9,18,10,5.47
5454,7,7,2014,15,18,09,5.47
5454,7,7,2014,19,08,08,5.51
5454,7,7,2014,19,14,29,5.59
5454,7,7,2014,19,24,48,5.66
5454,7,7,2014,21,18,09,5.66
5454,7,8,2014,3,18,09,5.66
5454,7,8,2014,9,18,09,5.66
5454,7,8,2014,15,18,09,5.66
5454,7,8,2014,21,18,08,5.66
5454,7,9,2014,3,18,09,5.66
5454,7,9,2014,9,18,08,5.66
5454,7,9,2014,15,18,08,5.66
5454,7,9,2014,21,18,08,5.66
5454,7,10,2014,3,18,07,5.66
5454,7,10,2014,9,18,07,5.66
5454,7,10,2014,15,18,07,5.66
5454,7,10,2014,21,18,07,5.66
5454,7,11,2014,3,18,07,5.66
5454,7,11,2014,9,18,06,5.66
5454,7,11,2014,15,18,22,5.66
5454,7,11,2014,21,18,21,5.66
5454,7,12,2014,3,18,21,5.66
5454,7,12,2014,9,18,20,5.66
5454,7,12,2014,15,18,21,5.66
5454,7,12,2014,21,18,20,5.66
5454,7,13,2014,3,18,19,5.66
5454,7,13,2014,9,18,19,5.66
5454,7,13,2014,15,18,18,5.66
5454,7,13,2014,21,18,18,5.66
5454,7,14,2014,0,17,57,5.70
5454,7,14,2014,0,19,57,5.74
5454,7,14,2014,0,21,20,5.78
5454,7,14,2014,0,22,38,5.82
5454,7,14,2014,0,23,58,5.86
5454,7,14,2014,0,26,17,5.94
5454,7,14,2014,0,26,59,5.98
5454,7,14,2014,0,28,17,6.02
5454,7,14,2014,0,28,58,6.06
5454,7,14,2014,0,29,38,6.10
5454,7,14,2014,0,30,17,6.14
5454,7,14,2014,0,31,00,6.18
5454,7,14,2014,0,31,39,6.22
5454,7,14,2014,0,32,19,6.25
5454,7,14,2014,0,32,58,6.29
5454,7,14,2014,0,34,17,6.33
5454,7,14,2014,0,34,57,6.37
5454,7,14,2014,0,36,17,6.41
5454,7,14,2014,0,40,57,6.45
5454,7,14,2014,2,40,20,6.49
5454,7,14,2014,3,18,17,6.49
5454,7,14,2014,9,18,17,6.49
5454,7,14,2014,15,18,17,6.49
5454,7,14,2014,21,18,16,6.49
5454,7,15,2014,3,18,16,6.49
5454,7,15,2014,9,18,15,6.49
5454,7,15,2014,15,18,15,6.49
5454,7,15,2014,21,18,15,6.49
5454,7,16,2014,3,18,14,6.49
5454,7,16,2014,9,18,13,6.49
5454,7,16,2014,15,18,13,6.49
5454,7,16,2014,21,18,13,6.49
5454,7,17,2014,9,18,12,6.49
5454,7,17,2014,15,18,12,6.49
5454,7,18,2014,3,18,10,6.49
5454,7,18,2014,15,18,09,6.49
5454,7,18,2014,21,18,09,6.49
5454,7,19,2014,3,18,08,6.49
5454,7,19,2014,9,18,08,6.49
5454,7,19,2014,15,18,08,6.49
5454,7,19,2014,21,18,07,6.49
5454,7,20,2014,3,18,07,6.49
5454,7,20,2014,9,18,06,6.49
5454,7,20,2014,15,18,06,6.49
5454,7,20,2014,21,18,05,6.49
5454,7,21,2014,3,18,05,6.49
5454,7,21,2014,9,18,05,6.49
5454,7,21,2014,15,18,04,6.49
5454,7,21,2014,21,18,04,6.49
5454,7,22,2014,3,18,03,6.49
5454,7,22,2014,9,18,03,6.49
5454,7,22,2014,15,18,02,6.49
5454,7,22,2014,21,18,02,6.49
5454,7,23,2014,3,18,02,6.49
5454,7,23,2014,9,18,01,6.49
5454,7,23,2014,15,18,01,6.49
5454,7,23,2014,21,18,01,6.49
5454,7,24,2014,3,18,01,6.49
5454,7,24,2014,9,17,59,6.49
5454,7,24,2014,15,17,59,6.49
5454,7,24,2014,21,18,00,6.49
5454,7,25,2014,9,17,58,6.49
5454,7,25,2014,15,17,58,6.49
5454,7,25,2014,21,17,58,6.49
5454,7,26,2014,3,17,57,6.49
5454,7,26,2014,9,17,57,6.49
5454,7,26,2014,15,17,57,6.49
5454,7,26,2014,21,17,57,6.49
5454,7,27,2014,3,17,57,6.49
5454,7,27,2014,9,17,56,6.49
5454,7,27,2014,15,17,56,6.49
5454,7,27,2014,21,17,56,6.49
5454,7,28,2014,3,17,56,6.49
5454,7,28,2014,9,17,56,6.49
5454,7,28,2014,15,17,55,6.49
5454,7,28,2014,21,17,55,6.49
5454,7,29,2014,9,17,55,6.49
5454,7,29,2014,15,17,55,6.49
5454,7,29,2014,21,18,11,6.49
5454,7,30,2014,3,18,10,6.49
5454,7,30,2014,9,18,09,6.49
5454,7,30,2014,15,18,09,6.49
5454,7,30,2014,21,18,08,6.49
5454,7,31,2014,3,18,08,6.49
5454,7,31,2014,9,18,07,6.49
5454,7,31,2014,15,18,08,6.49
5454,7,31,2014,20,58,08,6.53
5454,7,31,2014,21,00,47,6.57
5454,7,31,2014,21,03,06,6.61
5454,7,31,2014,21,06,46,6.65
5454,7,31,2014,21,13,06,6.69
5454,7,31,2014,21,18,06,6.69
5454,7,31,2014,21,23,26,6.73
5454,8,1,2014,3,18,06,6.73
5454,8,1,2014,9,18,06,6.73
5454,8,1,2014,15,18,05,6.73
5454,8,1,2014,21,18,05,6.73
5454,8,2,2014,3,18,04,6.73
5454,8,2,2014,9,18,04,6.73
5454,8,2,2014,15,18,04,6.73
5454,8,2,2014,17,53,27,6.77
5454,8,2,2014,17,56,03,6.81
5454,8,2,2014,21,18,03,6.81
5454,8,3,2014,3,18,03,6.81
5454,8,3,2014,9,18,02,6.81
5454,8,3,2014,15,18,02,6.81
5454,8,3,2014,21,18,01,6.81
5454,8,4,2014,3,18,01,6.81
5454,8,4,2014,9,18,00,6.81
5454,8,4,2014,15,18,00,6.81
5454,8,4,2014,21,18,00,6.81
5454,8,5,2014,3,17,59,6.81
5454,8,5,2014,9,17,59,6.81
5454,8,5,2014,15,17,59,6.81
5454,8,5,2014,21,17,59,6.81
5454,8,6,2014,3,17,58,6.81
5454,8,6,2014,9,17,57,6.81
5454,8,6,2014,15,17,57,6.81
5454,8,6,2014,21,17,56,6.81
5454,8,7,2014,3,17,56,6.81
5454,8,7,2014,9,17,56,6.81
5454,8,7,2014,15,17,55,6.81
5454,8,7,2014,21,17,55,6.81
5454,8,8,2014,3,17,54,6.81
5454,8,8,2014,9,17,54,6.81
5454,8,8,2014,15,17,53,6.81
5454,8,8,2014,21,17,54,6.81
5454,8,9,2014,3,17,53,6.81
5454,8,9,2014,9,17,52,6.81
5454,8,9,2014,15,17,52,6.81
5454,8,9,2014,21,17,51,6.81
5454,8,10,2014,3,17,51,6.81
5454,8,10,2014,9,17,51,6.81
5454,8,10,2014,15,17,50,6.81
5454,8,10,2014,21,17,50,6.81
5454,8,11,2014,3,17,50,6.81
5454,8,11,2014,9,17,49,6.81
5454,8,11,2014,15,17,48,6.81
5454,8,11,2014,21,17,48,6.81
5454,8,12,2014,3,17,48,6.81
5454,8,12,2014,9,17,47,6.81
5454,8,12,2014,15,17,47,6.81
5454,8,12,2014,19,33,26,6.85
5454,8,12,2014,19,44,28,6.88
5454,8,12,2014,19,58,45,6.96
5454,8,12,2014,20,00,06,7.00
5454,8,12,2014,20,04,45,7.08
5454,8,12,2014,20,06,50,7.12
5454,8,12,2014,20,08,47,7.16
5454,8,12,2014,20,12,06,7.20
5454,8,12,2014,20,15,26,7.24
5454,8,12,2014,20,23,27,7.28
5454,8,12,2014,20,27,46,7.32
5454,8,12,2014,20,32,46,7.36
5454,8,12,2014,20,37,46,7.40
5454,8,12,2014,20,41,25,7.44
5454,8,12,2014,20,46,25,7.48
5454,8,12,2014,20,49,47,7.51
5454,8,12,2014,20,51,28,7.55
5454,8,12,2014,20,53,46,7.59
5454,8,12,2014,20,59,25,7.67
5454,8,12,2014,21,03,27,7.71
5454,8,12,2014,21,06,06,7.75
5454,8,12,2014,21,07,48,7.79
5454,8,12,2014,21,11,47,7.83
5454,8,12,2014,21,17,47,7.83
5454,8,12,2014,21,22,06,7.87
5454,8,12,2014,21,57,25,7.91
5454,8,12,2014,23,40,25,7.95
5454,8,13,2014,3,17,47,7.95
5454,8,13,2014,4,39,06,7.99
5454,8,13,2014,9,17,46,7.99
5454,8,13,2014,15,17,45,7.99
5454,8,13,2014,21,17,44,7.99
5454,8,14,2014,3,17,44,7.99
5454,8,14,2014,9,17,44,7.99
5454,8,14,2014,15,17,43,7.99
5454,8,14,2014,21,17,43,7.99
5454,8,15,2014,3,17,42,7.99
5454,8,15,2014,9,17,42,7.99
5454,8,15,2014,15,17,42,7.99
5454,8,15,2014,21,17,42,7.99
5454,8,16,2014,9,17,42,7.99
5454,8,16,2014,15,17,42,7.99
5454,8,16,2014,21,17,42,7.99
5454,8,17,2014,3,17,41,7.99
5454,8,17,2014,9,17,41,7.99
5454,8,17,2014,21,00,17,8.03
5454,8,17,2014,21,17,41,8.03
5454,8,18,2014,0,07,36,8.07
5454,8,18,2014,0,09,41,8.11
5454,8,18,2014,0,51,57,8.14
5454,8,18,2014,0,54,36,8.18
5454,8,18,2014,0,57,16,8.22
5454,8,18,2014,0,58,36,8.26
5454,8,18,2014,3,17,41,8.26
5454,8,18,2014,4,15,16,8.30
5454,8,18,2014,4,24,16,8.34
5454,8,18,2014,6,15,39,8.38
5454,8,18,2014,9,17,40,8.38
5454,8,18,2014,15,17,40,8.38
5454,8,18,2014,21,17,55,8.38
5454,8,19,2014,3,17,55,8.38
5454,8,19,2014,9,01,15,8.42
5454,8,19,2014,9,02,18,8.46
5454,8,19,2014,9,03,14,8.50
5454,8,19,2014,9,03,55,8.54
5454,8,19,2014,9,04,15,8.58
5454,8,19,2014,9,05,54,8.66
5454,8,19,2014,9,06,36,8.70
5454,8,19,2014,9,07,14,8.74
5454,8,19,2014,9,07,35,8.77
5454,8,19,2014,9,08,14,8.81
5454,8,19,2014,9,08,35,8.85
5454,8,19,2014,9,09,15,8.89
5454,8,19,2014,9,17,54,8.89
5454,8,19,2014,9,59,35,8.93
5454,8,19,2014,10,01,15,8.97
5454,8,19,2014,10,04,35,9.01
5454,8,19,2014,10,20,14,9.05
5454,8,19,2014,10,22,14,9.09
5454,8,19,2014,10,39,15,9.17
5454,8,19,2014,10,43,14,9.21
5454,8,19,2014,10,49,15,9.25
5454,8,19,2014,10,52,54,9.29
5454,8,19,2014,10,57,37,9.33
5454,8,19,2014,11,12,15,9.37
5454,8,19,2014,15,17,55,9.37
5454,8,19,2014,16,11,15,9.40
5454,8,19,2014,16,13,35,9.44
5454,8,19,2014,16,18,54,9.48
5454,8,19,2014,16,25,34,9.52
5454,8,19,2014,21,17,53,9.52
5454,8,20,2014,3,17,53,9.52
5454,8,20,2014,9,17,53,9.52
5454,8,20,2014,15,17,52,9.52
5454,8,20,2014,21,17,52,9.52
5454,8,21,2014,3,17,51,9.52
5454,8,21,2014,9,17,51,9.52
5454,8,21,2014,10,34,11,9.56
5454,8,21,2014,11,52,32,9.64
5454,8,21,2014,15,17,50,9.64
5454,8,21,2014,21,17,50,9.64
5454,8,22,2014,3,17,50,9.64
5454,8,22,2014,9,17,49,9.64
5454,8,22,2014,15,17,49,9.64
5454,8,22,2014,21,17,48,9.64
5454,8,23,2014,3,17,48,9.64
5454,8,23,2014,9,17,47,9.64
5454,8,23,2014,21,17,47,9.64
5454,8,24,2014,3,17,46,9.64
5454,8,24,2014,9,17,46,9.64
5454,8,24,2014,15,17,45,9.64
5454,8,24,2014,21,17,46,9.64
5454,8,25,2014,3,17,44,9.64
5454,8,25,2014,9,17,44,9.64
5454,8,25,2014,15,17,44,9.64
5454,8,26,2014,3,17,43,9.64
5454,8,26,2014,9,17,42,9.64
5454,8,26,2014,15,17,42,9.64
5454,8,26,2014,21,17,42,9.64
5454,8,27,2014,3,17,42,9.64
5454,8,27,2014,9,17,41,9.64
5454,8,27,2014,15,17,40,9.64
5454,8,27,2014,21,17,40,9.64
5454,8,28,2014,3,17,39,9.64
5454,8,28,2014,9,17,39,9.64
5454,8,28,2014,15,17,38,9.64
5454,8,28,2014,21,17,38,9.64
5454,8,29,2014,3,17,38,9.64
5454,8,29,2014,9,17,37,9.64
5454,8,29,2014,15,17,37,9.64
5454,8,29,2014,21,17,36,9.64
5454,8,30,2014,3,17,36,9.64
5454,8,30,2014,9,17,35,9.64
5454,8,30,2014,15,17,35,9.64
5454,8,30,2014,21,17,35,9.64
5454,8,31,2014,3,17,34,9.64
5454,8,31,2014,9,17,34,9.64
5454,8,31,2014,15,17,34,9.64
5454,8,31,2014,21,17,33,9.64
5454,9,1,2014,3,17,33,9.64
5454,9,1,2014,9,17,32,9.64
5454,9,1,2014,15,17,32,9.64
5454,9,1,2014,21,17,31,9.64
5454,9,2,2014,3,17,31,9.64
5454,9,2,2014,9,17,31,9.64
5454,9,2,2014,15,17,30,9.64
5454,9,2,2014,21,17,30,9.64
5454,9,3,2014,3,17,30,9.64
5454,9,3,2014,9,17,30,9.64
5454,9,3,2014,15,17,29,9.64
5454,9,3,2014,21,17,28,9.64
5454,9,4,2014,4,37,27,9.68
5454,9,4,2014,4,40,28,9.72
5454,9,4,2014,9,17,27,9.72
5454,9,4,2014,15,17,27,9.72
5454,9,4,2014,21,17,26,9.72
5454,9,4,2014,21,18,06,9.76
5454,9,4,2014,21,38,06,9.80
5454,9,5,2014,3,17,27,9.80
5454,9,5,2014,9,17,25,9.80
5454,9,5,2014,15,17,25,9.80
5454,9,5,2014,21,17,25,9.80
5454,9,6,2014,3,17,24,9.80
5454,9,6,2014,9,17,24,9.80
5454,9,6,2014,15,17,24,9.80
5454,9,6,2014,21,17,24,9.80
5454,9,7,2014,3,17,24,9.80
5454,9,7,2014,9,17,24,9.80
5454,9,7,2014,15,17,24,9.80
5454,9,7,2014,21,17,23,9.80
5454,9,8,2014,0,55,40,9.84
5454,9,8,2014,1,12,20,9.88
5454,9,8,2014,1,14,00,9.92
5454,9,8,2014,1,15,40,9.96
5454,9,8,2014,1,19,00,10.00
5454,9,8,2014,2,54,01,10.03
5454,9,8,2014,3,05,41,10.11
5454,9,8,2014,3,08,21,10.15
5454,9,8,2014,3,12,01,10.19
5454,9,8,2014,3,16,43,10.23
5454,9,8,2014,3,23,22,10.27
5454,9,8,2014,3,31,20,10.31
5454,9,8,2014,3,42,05,10.35
5454,9,8,2014,3,55,21,10.39
5454,9,8,2014,4,17,21,10.43
5454,9,8,2014,4,30,23,10.47
5454,9,8,2014,5,06,00,10.59
5454,9,8,2014,5,10,20,10.62
5454,9,8,2014,6,02,05,10.66
5454,9,8,2014,6,06,41,10.70
5454,9,8,2014,6,29,21,10.78
5454,9,8,2014,6,33,40,10.82
5454,9,8,2014,6,36,20,10.86
5454,9,8,2014,6,39,01,10.94
5454,9,8,2014,6,42,01,10.98
5454,9,8,2014,6,48,21,11.02
5454,9,8,2014,6,56,40,11.10
5454,9,8,2014,7,01,01,11.14
5454,9,8,2014,7,08,00,11.18
5454,9,8,2014,7,09,20,11.22
5454,9,8,2014,7,10,40,11.25
5454,9,8,2014,7,13,21,11.29
5454,9,8,2014,7,16,43,11.33
5454,9,8,2014,7,24,41,11.37
5454,9,8,2014,7,33,01,11.41
5454,9,8,2014,8,45,22,11.45
5454,9,8,2014,9,17,23,11.45
5454,9,8,2014,15,17,23,11.45
5454,9,8,2014,21,17,22,11.45
5454,9,8,2014,23,10,39,11.49
5454,9,8,2014,23,11,59,11.53
5454,9,8,2014,23,13,19,11.57
5454,9,8,2014,23,15,19,11.61
5454,9,8,2014,23,16,21,11.65
5454,9,8,2014,23,18,40,11.69
5454,9,8,2014,23,23,59,11.73
5454,9,9,2014,3,17,22,11.73
5454,9,9,2014,9,17,22,11.73
5454,9,9,2014,15,17,22,11.73
5454,9,9,2014,16,22,17,11.77
5454,9,9,2014,21,17,22,11.77
5454,9,10,2014,3,17,21,11.77
5454,9,10,2014,9,17,36,11.77
5454,9,10,2014,15,17,36,11.77
5454,9,10,2014,21,17,35,11.77
5454,9,11,2014,3,17,35,11.77
5454,9,11,2014,9,17,34,11.77
5454,9,11,2014,15,17,34,11.77
5454,9,11,2014,21,17,34,11.77
5454,9,12,2014,3,17,33,11.77
5454,9,12,2014,9,17,33,11.77
5454,9,12,2014,15,17,33,11.77
5454,9,12,2014,21,17,32,11.77
5454,9,13,2014,3,17,32,11.77
5454,9,13,2014,9,17,32,11.77
5454,9,13,2014,15,17,31,11.77
5454,9,13,2014,21,17,30,11.77
5454,9,14,2014,3,17,30,11.77
5454,9,14,2014,9,17,29,11.77
5454,9,14,2014,15,17,29,11.77
5454,9,14,2014,21,17,28,11.77
5454,9,15,2014,3,17,28,11.77
5454,9,15,2014,9,17,28,11.77
5454,9,15,2014,15,17,27,11.77
5454,9,15,2014,21,17,27,11.77
5454,9,16,2014,3,17,26,11.77
5454,9,16,2014,9,17,26,11.77
5454,9,16,2014,15,17,26,11.77
5454,9,16,2014,21,17,25,11.77
5454,9,17,2014,3,17,24,11.77
5454,9,17,2014,9,17,24,11.77
5454,9,17,2014,15,17,24,11.77
5454,9,17,2014,15,17,44,11.77
5454,9,17,2014,21,17,23,11.77
5454,9,18,2014,3,17,23,11.77
5454,9,18,2014,9,17,22,11.77
5454,9,18,2014,15,17,22,11.77
5454,9,18,2014,21,17,21,11.77
5454,9,19,2014,3,17,21,11.77
5454,9,19,2014,9,17,21,11.77
5454,9,19,2014,15,17,20,11.77
5454,9,19,2014,21,17,20,11.77
5454,9,20,2014,3,17,19,11.77
5454,9,20,2014,9,17,19,11.77
5454,9,20,2014,15,17,18,11.77
5454,9,20,2014,21,17,18,11.77
5454,9,21,2014,3,17,18,11.77
5454,9,21,2014,9,17,17,11.77
5454,9,21,2014,15,17,17,11.77
5454,9,21,2014,21,17,16,11.77
5454,9,22,2014,3,17,16,11.77
5454,9,22,2014,9,17,15,11.77
5454,9,22,2014,15,17,15,11.77
5454,9,22,2014,21,17,14,11.77
5454,9,23,2014,3,17,14,11.77
5454,9,23,2014,9,17,14,11.77
5454,9,23,2014,15,17,13,11.77
5454,9,23,2014,21,17,13,11.77
5454,9,24,2014,3,17,13,11.77
5454,9,24,2014,21,17,11,11.77
5454,9,25,2014,3,17,11,11.77
5454,9,25,2014,9,17,11,11.77
5454,9,25,2014,15,17,10,11.77
5454,9,25,2014,21,17,10,11.77
5454,9,26,2014,3,17,09,11.77
5454,9,26,2014,9,17,09,11.77
5454,9,26,2014,15,17,09,11.77
5454,9,26,2014,21,17,08,11.77
5454,9,27,2014,3,17,07,11.77
5454,9,27,2014,9,17,07,11.77
5454,9,27,2014,14,17,07,11.81
5454,9,27,2014,15,17,07,11.81
5454,9,27,2014,21,17,06,11.81
5454,9,28,2014,3,17,06,11.81
5454,9,28,2014,9,17,06,11.81
5454,9,28,2014,15,17,05,11.81
5454,9,28,2014,21,17,05,11.81
5454,9,29,2014,9,17,05,11.81
5454,9,29,2014,15,17,04,11.81
5454,9,29,2014,21,17,04,11.81
5454,9,30,2014,3,17,04,11.81
5454,9,30,2014,9,17,04,11.81
5454,9,30,2014,15,17,03,11.81
5454,9,30,2014,21,17,04,11.81
