5475,10,1,2013,4,05,32,0.00
5475,10,1,2013,10,05,32,0.00
5475,10,1,2013,16,05,32,0.00
5475,10,1,2013,22,05,32,0.00
5475,10,2,2013,4,05,30,0.00
5475,10,2,2013,10,05,30,0.00
5475,10,2,2013,16,05,30,0.00
5475,10,2,2013,22,05,29,0.00
5475,10,3,2013,10,05,29,0.00
5475,10,3,2013,16,05,29,0.00
5475,10,3,2013,22,05,28,0.00
5475,10,4,2013,10,05,28,0.00
5475,10,4,2013,16,05,28,0.00
5475,10,4,2013,22,05,28,0.00
5475,10,5,2013,4,05,28,0.00
5475,10,5,2013,10,05,28,0.00
5475,10,5,2013,16,05,27,0.00
5475,10,5,2013,22,05,27,0.00
5475,10,6,2013,4,05,27,0.00
5475,10,6,2013,16,05,27,0.00
5475,10,6,2013,22,05,27,0.00
5475,10,7,2013,4,05,42,0.00
5475,10,7,2013,10,05,41,0.00
5475,10,7,2013,16,05,41,0.00
5475,10,8,2013,10,05,40,0.00
5475,10,8,2013,16,05,39,0.00
5475,10,9,2013,4,05,38,0.00
5475,10,9,2013,10,05,38,0.00
5475,10,9,2013,16,05,38,0.00
5475,10,9,2013,22,05,38,0.00
5475,10,10,2013,4,05,37,0.00
5475,10,10,2013,4,46,19,0.03
5475,10,10,2013,5,54,37,0.07
5475,10,10,2013,10,05,36,0.07
5475,10,10,2013,16,05,36,0.07
5475,10,10,2013,22,05,36,0.07
5475,10,11,2013,4,05,35,0.07
5475,10,11,2013,10,05,35,0.07
5475,10,11,2013,16,05,34,0.07
5475,10,11,2013,22,05,34,0.07
5475,10,12,2013,4,05,33,0.07
5475,10,12,2013,10,05,33,0.07
5475,10,12,2013,16,05,33,0.07
5475,10,12,2013,22,05,32,0.07
5475,10,13,2013,4,05,32,0.07
5475,10,13,2013,10,05,31,0.07
5475,10,13,2013,16,05,31,0.07
5475,10,13,2013,22,05,31,0.07
5475,10,14,2013,4,05,30,0.07
5475,10,14,2013,10,05,30,0.07
5475,10,14,2013,16,05,29,0.07
5475,10,14,2013,22,05,29,0.07
5475,10,15,2013,4,06,10,0.07
5475,10,15,2013,10,05,28,0.07
5475,10,15,2013,16,05,28,0.07
5475,10,15,2013,22,05,27,0.07
5475,10,16,2013,4,05,27,0.07
5475,10,16,2013,10,05,27,0.07
5475,10,16,2013,16,05,26,0.07
5475,10,16,2013,22,05,25,0.07
5475,10,17,2013,4,05,25,0.07
5475,10,17,2013,10,05,25,0.07
5475,10,17,2013,16,05,24,0.07
5475,10,17,2013,22,05,24,0.07
5475,10,18,2013,4,05,24,0.07
5475,10,18,2013,10,05,23,0.07
5475,10,18,2013,22,05,23,0.07
5475,10,19,2013,4,05,22,0.07
5475,10,19,2013,10,05,21,0.07
5475,10,19,2013,16,05,21,0.07
5475,10,19,2013,22,05,21,0.07
5475,10,20,2013,4,05,21,0.07
5475,10,20,2013,10,05,21,0.07
5475,10,20,2013,16,05,21,0.07
5475,10,20,2013,22,05,20,0.07
5475,10,21,2013,4,05,44,0.07
5475,10,21,2013,10,05,20,0.07
5475,10,21,2013,16,05,20,0.07
5475,10,21,2013,22,05,20,0.07
5475,10,22,2013,4,06,08,0.07
5475,10,22,2013,10,05,20,0.07
5475,10,22,2013,16,05,20,0.07
5475,10,22,2013,22,05,19,0.07
5475,10,23,2013,4,05,19,0.07
5475,10,23,2013,10,05,19,0.07
5475,10,23,2013,16,05,35,0.07
5475,10,23,2013,22,05,34,0.07
5475,10,24,2013,4,05,47,0.07
5475,10,24,2013,10,05,33,0.07
5475,10,24,2013,16,05,32,0.07
5475,10,24,2013,22,05,32,0.07
5475,10,25,2013,4,05,31,0.07
5475,10,25,2013,10,05,31,0.07
5475,10,25,2013,16,05,30,0.07
5475,10,25,2013,22,05,30,0.07
5475,10,26,2013,4,05,59,0.07
5475,10,26,2013,10,05,29,0.07
5475,10,26,2013,16,05,29,0.07
5475,10,26,2013,22,05,28,0.07
5475,10,27,2013,4,05,28,0.07
5475,10,27,2013,10,05,27,0.07
5475,10,27,2013,16,05,27,0.07
5475,10,27,2013,22,05,27,0.07
5475,10,28,2013,4,05,32,0.07
5475,10,28,2013,10,05,27,0.07
5475,10,28,2013,16,05,25,0.07
5475,10,28,2013,22,05,25,0.07
5475,10,29,2013,4,06,06,0.07
5475,10,29,2013,10,05,24,0.07
5475,10,29,2013,16,05,24,0.07
5475,10,29,2013,22,05,23,0.07
5475,10,30,2013,4,05,23,0.07
5475,10,30,2013,10,05,22,0.07
5475,10,30,2013,16,05,22,0.07
5475,10,30,2013,22,05,22,0.07
5475,10,31,2013,4,05,41,0.07
5475,10,31,2013,10,05,21,0.07
5475,10,31,2013,16,05,21,0.07
5475,10,31,2013,22,05,20,0.07
5475,11,1,2013,4,06,05,0.07
5475,11,1,2013,10,05,19,0.07
5475,11,1,2013,16,05,19,0.07
5475,11,1,2013,22,05,19,0.07
5475,11,2,2013,4,05,18,0.07
5475,11,2,2013,10,05,18,0.07
5475,11,2,2013,16,05,17,0.07
5475,11,2,2013,22,05,17,0.07
5475,11,3,2013,4,05,51,0.07
5475,11,3,2013,10,05,16,0.07
5475,11,3,2013,16,05,16,0.07
5475,11,3,2013,22,05,15,0.07
5475,11,4,2013,4,05,37,0.07
5475,11,4,2013,10,05,15,0.07
5475,11,4,2013,16,05,14,0.07
5475,11,4,2013,21,04,13,0.11
5475,11,4,2013,21,35,53,0.15
5475,11,4,2013,22,05,14,0.15
5475,11,5,2013,4,05,14,0.15
5475,11,5,2013,10,05,14,0.15
5475,11,5,2013,16,05,14,0.15
5475,11,5,2013,22,05,13,0.15
5475,11,6,2013,4,05,13,0.15
5475,11,6,2013,10,05,13,0.15
5475,11,6,2013,16,05,13,0.15
5475,11,6,2013,22,05,13,0.15
5475,11,7,2013,4,05,13,0.15
5475,11,7,2013,10,05,13,0.15
5475,11,7,2013,16,05,13,0.15
5475,11,7,2013,22,05,29,0.15
5475,11,8,2013,4,05,28,0.15
5475,11,8,2013,10,05,27,0.15
5475,11,8,2013,16,05,27,0.15
5475,11,8,2013,22,05,27,0.15
5475,11,9,2013,4,05,27,0.15
5475,11,9,2013,10,05,26,0.15
5475,11,9,2013,16,05,25,0.15
5475,11,9,2013,22,05,25,0.15
5475,11,10,2013,4,05,25,0.15
5475,11,10,2013,10,05,24,0.15
5475,11,10,2013,16,05,23,0.15
5475,11,10,2013,22,05,23,0.15
5475,11,11,2013,4,05,23,0.15
5475,11,11,2013,10,05,22,0.15
5475,11,11,2013,16,05,22,0.15
5475,11,11,2013,22,05,21,0.15
5475,11,12,2013,4,05,21,0.15
5475,11,12,2013,16,05,20,0.15
5475,11,12,2013,22,05,20,0.15
5475,11,13,2013,4,05,19,0.15
5475,11,13,2013,10,05,19,0.15
5475,11,13,2013,16,05,18,0.15
5475,11,13,2013,22,05,18,0.15
5475,11,14,2013,4,05,18,0.15
5475,11,14,2013,10,05,18,0.15
5475,11,14,2013,16,05,18,0.15
5475,11,14,2013,22,05,16,0.15
5475,11,15,2013,4,05,16,0.15
5475,11,15,2013,10,05,15,0.15
5475,11,15,2013,16,05,16,0.15
5475,11,15,2013,22,05,15,0.15
5475,11,16,2013,4,05,14,0.15
5475,11,16,2013,10,05,15,0.15
5475,11,16,2013,16,05,14,0.15
5475,11,16,2013,22,05,13,0.15
5475,11,17,2013,4,05,13,0.15
5475,11,17,2013,10,05,12,0.15
5475,11,17,2013,16,05,12,0.15
5475,11,17,2013,22,05,12,0.15
5475,11,18,2013,4,05,11,0.15
5475,11,18,2013,10,05,11,0.15
5475,11,18,2013,22,05,11,0.15
5475,11,19,2013,4,05,10,0.15
5475,11,19,2013,10,05,10,0.15
5475,11,19,2013,16,05,10,0.15
5475,11,19,2013,22,05,08,0.15
5475,11,20,2013,4,05,08,0.15
5475,11,20,2013,10,05,08,0.15
5475,11,20,2013,16,05,07,0.15
5475,11,20,2013,22,05,07,0.15
5475,11,21,2013,4,05,07,0.15
5475,11,21,2013,10,05,07,0.15
5475,11,21,2013,16,05,07,0.15
5475,11,21,2013,20,49,45,0.23
5475,11,21,2013,20,50,45,0.27
5475,11,21,2013,20,51,45,0.31
5475,11,21,2013,20,59,05,0.35
5475,11,21,2013,21,14,25,0.39
5475,11,21,2013,22,05,07,0.39
5475,11,21,2013,22,59,45,0.43
5475,11,21,2013,23,14,05,0.47
5475,11,21,2013,23,24,45,0.51
5475,11,21,2013,23,58,46,0.55
5475,11,22,2013,0,30,45,0.59
5475,11,22,2013,0,49,44,0.62
5475,11,22,2013,0,54,48,0.66
5475,11,22,2013,0,58,24,0.70
5475,11,22,2013,1,04,44,0.74
5475,11,22,2013,1,12,05,0.78
5475,11,22,2013,1,47,05,0.82
5475,11,22,2013,2,18,45,0.86
5475,11,22,2013,2,43,59,0.90
5475,11,22,2013,3,23,25,0.94
5475,11,22,2013,5,42,24,1.02
5475,11,22,2013,7,59,47,1.06
5475,11,22,2013,9,37,44,1.14
5475,11,22,2013,9,52,45,1.18
5475,11,22,2013,10,05,07,1.18
5475,11,22,2013,10,17,24,1.22
5475,11,22,2013,10,47,08,1.25
5475,11,22,2013,11,27,23,1.29
5475,11,22,2013,12,41,04,1.33
5475,11,22,2013,13,30,44,1.41
5475,11,22,2013,13,58,24,1.45
5475,11,22,2013,15,02,04,1.53
5475,11,22,2013,15,18,26,1.57
5475,11,22,2013,15,37,25,1.61
5475,11,22,2013,16,05,07,1.61
5475,11,22,2013,16,17,03,1.65
5475,11,22,2013,16,43,04,1.69
5475,11,22,2013,17,20,03,1.73
5475,11,22,2013,17,49,43,1.77
5475,11,22,2013,18,11,44,1.81
5475,11,22,2013,19,17,43,1.88
5475,11,22,2013,20,11,43,1.92
5475,11,22,2013,20,47,23,1.96
5475,11,22,2013,21,46,44,2.00
5475,11,23,2013,2,53,04,2.08
5475,11,23,2013,3,55,10,2.12
5475,11,23,2013,4,05,07,2.12
5475,11,23,2013,6,38,42,2.16
5475,11,23,2013,7,08,22,2.20
5475,11,23,2013,8,31,22,2.24
5475,11,23,2013,8,45,03,2.28
5475,11,23,2013,10,05,22,2.28
5475,11,23,2013,16,05,21,2.28
5475,11,23,2013,21,32,00,2.32
5475,11,23,2013,22,05,21,2.32
5475,11,24,2013,4,05,20,2.32
5475,11,24,2013,5,12,20,2.36
5475,11,24,2013,10,05,20,2.36
5475,11,24,2013,16,05,19,2.36
5475,11,24,2013,22,05,19,2.36
5475,11,25,2013,4,05,19,2.36
5475,11,25,2013,10,05,18,2.36
5475,11,25,2013,16,05,18,2.36
5475,11,26,2013,4,05,17,2.36
5475,11,26,2013,10,05,17,2.36
5475,11,26,2013,16,05,16,2.36
5475,11,26,2013,22,05,16,2.36
5475,11,27,2013,4,05,15,2.36
5475,11,27,2013,10,05,15,2.36
5475,11,27,2013,22,05,14,2.36
5475,11,28,2013,4,05,14,2.36
5475,11,28,2013,10,05,13,2.36
5475,11,28,2013,16,05,13,2.36
5475,11,28,2013,22,05,12,2.36
5475,11,29,2013,4,05,12,2.36
5475,11,29,2013,10,05,12,2.36
5475,11,29,2013,16,05,11,2.36
5475,11,29,2013,22,05,11,2.36
5475,11,30,2013,4,05,10,2.36
5475,11,30,2013,16,05,10,2.36
5475,11,30,2013,22,05,10,2.36
5475,12,1,2013,4,05,43,2.36
5475,12,1,2013,10,05,09,2.36
5475,12,1,2013,16,05,09,2.36
5475,12,2,2013,10,05,07,2.36
5475,12,2,2013,22,05,06,2.36
5475,12,3,2013,4,05,06,2.36
5475,12,3,2013,10,05,06,2.36
5475,12,3,2013,16,05,05,2.36
5475,12,3,2013,22,05,05,2.36
5475,12,4,2013,4,05,05,2.36
5475,12,4,2013,10,05,05,2.36
5475,12,4,2013,16,05,05,2.36
5475,12,5,2013,4,05,06,2.36
5475,12,5,2013,10,05,06,2.36
5475,12,5,2013,22,05,21,2.36
5475,12,6,2013,4,05,20,2.36
5475,12,6,2013,10,05,20,2.36
5475,12,6,2013,16,05,19,2.36
5475,12,6,2013,22,05,19,2.36
5475,12,7,2013,4,06,01,2.36
5475,12,7,2013,10,05,18,2.36
5475,12,7,2013,16,05,18,2.36
5475,12,7,2013,22,05,17,2.36
5475,12,8,2013,4,05,17,2.36
5475,12,8,2013,10,05,17,2.36
5475,12,8,2013,16,05,17,2.36
5475,12,8,2013,22,05,16,2.36
5475,12,9,2013,4,05,15,2.36
5475,12,9,2013,10,05,16,2.36
5475,12,9,2013,16,05,15,2.36
5475,12,9,2013,22,05,14,2.36
5475,12,10,2013,10,05,13,2.36
5475,12,10,2013,16,05,13,2.36
5475,12,10,2013,22,05,12,2.36
5475,12,11,2013,4,05,12,2.36
5475,12,11,2013,10,05,11,2.36
5475,12,11,2013,16,05,11,2.36
5475,12,11,2013,22,05,11,2.36
5475,12,12,2013,4,05,10,2.36
5475,12,12,2013,10,05,10,2.36
5475,12,12,2013,16,05,10,2.36
5475,12,12,2013,22,05,09,2.36
5475,12,13,2013,10,05,08,2.36
5475,12,14,2013,4,05,08,2.36
5475,12,14,2013,10,05,08,2.36
5475,12,14,2013,16,05,08,2.36
5475,12,14,2013,22,05,08,2.36
5475,12,15,2013,4,06,03,2.36
5475,12,15,2013,10,05,08,2.36
5475,12,15,2013,16,05,08,2.36
5475,12,15,2013,22,05,08,2.36
5475,12,16,2013,4,05,08,2.36
5475,12,16,2013,10,05,23,2.36
5475,12,16,2013,16,05,22,2.36
5475,12,17,2013,4,06,24,2.36
5475,12,17,2013,10,05,21,2.36
5475,12,17,2013,16,05,21,2.36
5475,12,17,2013,22,05,20,2.36
5475,12,18,2013,4,06,16,2.36
5475,12,18,2013,10,05,20,2.36
5475,12,18,2013,16,05,32,2.36
5475,12,18,2013,22,05,18,2.36
5475,12,19,2013,4,28,57,2.36
5475,12,19,2013,10,05,18,2.36
5475,12,19,2013,16,05,17,2.36
5475,12,19,2013,22,05,17,2.36
5475,12,20,2013,4,05,16,2.36
5475,12,20,2013,6,26,56,2.40
5475,12,20,2013,6,40,36,2.44
5475,12,20,2013,6,53,57,2.48
5475,12,20,2013,7,19,56,2.51
5475,12,20,2013,7,45,32,2.55
5475,12,20,2013,7,57,16,2.59
5475,12,20,2013,8,27,07,2.63
5475,12,20,2013,16,05,15,2.63
5475,12,20,2013,22,05,15,2.63
5475,12,21,2013,4,05,16,2.63
5475,12,21,2013,10,05,16,2.63
5475,12,21,2013,22,05,14,2.63
5475,12,22,2013,4,13,07,2.63
5475,12,22,2013,10,05,14,2.63
5475,12,22,2013,16,05,14,2.63
5475,12,22,2013,22,05,13,2.63
5475,12,23,2013,4,13,39,2.63
5475,12,23,2013,10,05,12,2.63
5475,12,23,2013,16,05,21,2.63
5475,12,23,2013,22,05,11,2.63
5475,12,24,2013,4,09,41,2.63
5475,12,24,2013,10,05,11,2.63
5475,12,24,2013,22,05,10,2.63
5475,12,25,2013,4,13,01,2.63
5475,12,25,2013,10,05,09,2.63
5475,12,25,2013,16,05,09,2.63
5475,12,25,2013,22,05,09,2.63
5475,12,26,2013,22,05,07,2.63
5475,12,27,2013,4,10,01,2.63
5475,12,27,2013,10,05,08,2.63
5475,12,27,2013,16,05,07,2.63
5475,12,27,2013,22,05,07,2.63
5475,12,28,2013,4,05,07,2.63
5475,12,28,2013,10,05,24,2.63
5475,12,28,2013,16,05,23,2.63
5475,12,28,2013,22,05,23,2.63
5475,12,29,2013,4,05,23,2.63
5475,12,29,2013,10,05,22,2.63
5475,12,29,2013,16,05,22,2.63
5475,12,29,2013,22,05,22,2.63
5475,12,30,2013,4,05,20,2.63
5475,12,30,2013,16,05,20,2.63
5475,12,30,2013,22,05,19,2.63
5475,12,31,2013,4,05,19,2.63
5475,12,31,2013,10,05,18,2.63
5475,12,31,2013,16,05,18,2.63
5475,12,31,2013,22,05,18,2.63
5475,1,1,2014,4,05,17,2.63
5475,1,1,2014,10,05,17,2.63
5475,1,1,2014,16,05,16,2.63
5475,1,2,2014,4,05,15,2.63
5475,1,2,2014,10,05,15,2.63
5475,1,2,2014,22,05,14,2.63
5475,1,3,2014,4,05,14,2.63
5475,1,3,2014,10,05,13,2.63
5475,1,3,2014,16,05,13,2.63
5475,1,3,2014,22,05,12,2.63
5475,1,4,2014,4,05,12,2.63
5475,1,4,2014,10,05,12,2.63
5475,1,4,2014,16,05,11,2.63
5475,1,4,2014,22,05,11,2.63
5475,1,5,2014,4,05,12,2.63
5475,1,5,2014,10,05,11,2.63
5475,1,5,2014,16,05,10,2.63
5475,1,5,2014,22,05,08,2.63
5475,1,6,2014,4,05,09,2.63
5475,1,6,2014,10,05,09,2.63
5475,1,6,2014,16,05,08,2.63
5475,1,6,2014,22,05,08,2.63
5475,1,7,2014,10,05,08,2.63
5475,1,7,2014,16,05,07,2.63
5475,1,8,2014,4,05,08,2.63
5475,1,8,2014,10,05,08,2.63
5475,1,8,2014,16,05,08,2.63
5475,1,8,2014,22,05,08,2.63
5475,1,9,2014,4,05,24,2.63
5475,1,9,2014,10,05,23,2.63
5475,1,9,2014,22,05,22,2.63
5475,1,10,2014,4,05,22,2.63
5475,1,10,2014,10,05,22,2.63
5475,1,10,2014,16,05,21,2.63
5475,1,10,2014,22,05,20,2.63
5475,1,11,2014,4,05,20,2.63
5475,1,11,2014,10,05,20,2.63
5475,1,11,2014,16,05,19,2.63
5475,1,11,2014,22,05,19,2.63
5475,1,12,2014,4,05,19,2.63
5475,1,12,2014,10,05,17,2.63
5475,1,12,2014,16,05,17,2.63
5475,1,12,2014,22,05,16,2.63
5475,1,13,2014,4,05,16,2.63
5475,1,13,2014,10,05,15,2.63
5475,1,13,2014,16,05,15,2.63
5475,1,13,2014,22,05,15,2.63
5475,1,14,2014,4,05,14,2.63
5475,1,14,2014,10,05,14,2.63
5475,1,14,2014,16,05,13,2.63
5475,1,14,2014,22,05,13,2.63
5475,1,15,2014,4,05,13,2.63
5475,1,15,2014,10,05,12,2.63
5475,1,15,2014,16,05,12,2.63
5475,1,15,2014,22,05,11,2.63
5475,1,16,2014,4,05,11,2.63
5475,1,16,2014,10,05,10,2.63
5475,1,16,2014,16,05,10,2.63
5475,1,16,2014,22,05,10,2.63
5475,1,17,2014,4,05,10,2.63
5475,1,17,2014,10,05,10,2.63
5475,1,17,2014,16,05,10,2.63
5475,1,17,2014,22,05,09,2.63
5475,1,18,2014,4,05,09,2.63
5475,1,18,2014,10,05,08,2.63
5475,1,18,2014,16,05,07,2.63
5475,1,19,2014,10,05,07,2.63
5475,1,19,2014,16,05,07,2.63
5475,1,19,2014,22,05,07,2.63
5475,1,20,2014,4,05,07,2.63
5475,1,20,2014,10,05,07,2.63
5475,1,20,2014,16,05,07,2.63
5475,1,20,2014,22,05,06,2.63
5475,1,21,2014,4,05,06,2.63
5475,1,21,2014,10,05,06,2.63
5475,1,22,2014,4,05,21,2.63
5475,1,22,2014,22,05,19,2.63
5475,1,23,2014,4,05,19,2.63
5475,1,23,2014,10,05,19,2.63
5475,1,23,2014,16,05,18,2.63
5475,1,23,2014,22,05,18,2.63
5475,1,24,2014,4,05,17,2.63
5475,1,24,2014,10,05,17,2.63
5475,1,24,2014,16,05,17,2.63
5475,1,24,2014,22,05,16,2.63
5475,1,25,2014,4,05,16,2.63
5475,1,25,2014,10,05,15,2.63
5475,1,25,2014,16,05,15,2.63
5475,1,25,2014,22,05,14,2.63
5475,1,26,2014,4,05,27,2.63
5475,1,26,2014,10,05,14,2.63
5475,1,26,2014,16,05,13,2.63
5475,1,26,2014,22,05,13,2.63
5475,1,27,2014,4,05,12,2.63
5475,1,27,2014,10,05,12,2.63
5475,1,27,2014,16,05,11,2.63
5475,1,27,2014,22,05,11,2.63
5475,1,28,2014,4,05,10,2.63
5475,1,28,2014,10,05,11,2.63
5475,1,28,2014,16,05,10,2.63
5475,1,28,2014,22,05,09,2.63
5475,1,29,2014,4,05,09,2.63
5475,1,29,2014,10,05,08,2.63
5475,1,29,2014,16,05,08,2.63
5475,1,29,2014,22,05,07,2.63
5475,1,30,2014,4,05,07,2.63
5475,1,30,2014,10,05,07,2.63
5475,1,30,2014,16,05,06,2.63
5475,1,30,2014,22,05,07,2.63
5475,1,31,2014,4,05,06,2.63
5475,1,31,2014,10,05,05,2.63
5475,1,31,2014,16,05,05,2.63
5475,1,31,2014,22,05,04,2.63
5475,2,1,2014,4,05,04,2.63
5475,2,1,2014,16,05,04,2.63
5475,2,1,2014,22,05,04,2.63
5475,2,2,2014,4,05,04,2.63
5475,2,2,2014,10,05,04,2.63
5475,2,2,2014,16,05,04,2.63
5475,2,2,2014,22,05,04,2.63
5475,2,3,2014,4,05,04,2.63
5475,2,3,2014,16,05,04,2.63
5475,2,3,2014,22,05,19,2.63
5475,2,4,2014,4,05,19,2.63
5475,2,4,2014,10,05,18,2.63
5475,2,4,2014,16,05,18,2.63
5475,2,4,2014,22,05,17,2.63
5475,2,5,2014,4,05,17,2.63
5475,2,5,2014,10,05,17,2.63
5475,2,5,2014,16,05,16,2.63
5475,2,5,2014,22,05,16,2.63
5475,2,6,2014,4,05,39,2.63
5475,2,6,2014,10,05,15,2.63
5475,2,6,2014,16,05,14,2.63
5475,2,6,2014,22,05,14,2.63
5475,2,7,2014,4,05,14,2.63
5475,2,7,2014,10,05,13,2.63
5475,2,7,2014,16,05,13,2.63
5475,2,7,2014,22,05,12,2.63
5475,2,8,2014,4,05,12,2.63
5475,2,8,2014,10,05,11,2.63
5475,2,8,2014,16,05,11,2.63
5475,2,8,2014,22,05,11,2.63
5475,2,9,2014,4,05,10,2.63
5475,2,9,2014,10,05,10,2.63
5475,2,9,2014,16,05,09,2.63
5475,2,9,2014,22,05,09,2.63
5475,2,10,2014,4,05,08,2.63
5475,2,10,2014,10,05,08,2.63
5475,2,10,2014,16,05,08,2.63
5475,2,10,2014,22,05,07,2.63
5475,2,11,2014,4,05,07,2.63
5475,2,11,2014,10,05,07,2.63
5475,2,11,2014,16,05,06,2.63
5475,2,11,2014,22,05,06,2.63
5475,2,12,2014,4,05,05,2.63
5475,2,12,2014,10,05,05,2.63
5475,2,12,2014,16,05,05,2.63
5475,2,12,2014,22,05,04,2.63
5475,2,13,2014,4,05,04,2.63
5475,2,13,2014,10,05,03,2.63
5475,2,13,2014,16,05,18,2.63
5475,2,13,2014,22,05,17,2.63
5475,2,14,2014,4,05,17,2.63
5475,2,14,2014,10,05,17,2.63
5475,2,14,2014,16,05,16,2.63
5475,2,14,2014,22,05,16,2.63
5475,2,15,2014,4,05,15,2.63
5475,2,15,2014,10,05,15,2.63
5475,2,15,2014,16,05,14,2.63
5475,2,15,2014,22,05,14,2.63
5475,2,16,2014,4,05,13,2.63
5475,2,16,2014,10,05,13,2.63
5475,2,16,2014,16,05,13,2.63
5475,2,16,2014,22,05,12,2.63
5475,2,17,2014,4,05,12,2.63
5475,2,17,2014,10,05,11,2.63
5475,2,17,2014,10,05,35,2.63
5475,2,17,2014,16,05,11,2.63
5475,2,17,2014,22,05,10,2.63
5475,2,18,2014,4,05,10,2.63
5475,2,18,2014,10,05,10,2.63
5475,2,18,2014,22,05,15,2.63
5475,2,19,2014,4,05,13,2.63
5475,2,19,2014,10,05,08,2.63
5475,2,19,2014,16,05,08,2.63
5475,2,19,2014,22,05,08,2.63
5475,2,20,2014,4,05,07,2.63
5475,2,20,2014,10,05,06,2.63
5475,2,20,2014,16,05,06,2.63
5475,2,20,2014,22,05,05,2.63
5475,2,21,2014,4,05,05,2.63
5475,2,21,2014,10,05,05,2.63
5475,2,21,2014,16,05,04,2.63
5475,2,21,2014,22,05,04,2.63
5475,2,22,2014,4,05,03,2.63
5475,2,22,2014,10,05,03,2.63
5475,2,22,2014,16,05,02,2.63
5475,2,22,2014,22,05,02,2.63
5475,2,23,2014,4,05,02,2.63
5475,2,23,2014,10,05,02,2.63
5475,2,23,2014,16,05,01,2.63
5475,2,23,2014,22,05,01,2.63
5475,2,24,2014,10,05,00,2.63
5475,2,24,2014,16,05,00,2.63
5475,2,24,2014,22,04,59,2.63
5475,2,25,2014,4,04,59,2.63
5475,2,25,2014,10,04,59,2.63
5475,2,25,2014,16,04,59,2.63
5475,2,25,2014,22,04,58,2.63
5475,2,26,2014,10,04,58,2.63
5475,2,26,2014,16,04,58,2.63
5475,2,26,2014,22,04,58,2.63
5475,2,27,2014,4,04,58,2.63
5475,2,27,2014,16,04,58,2.63
5475,2,27,2014,22,04,58,2.63
5475,2,28,2014,4,04,58,2.63
5475,2,28,2014,10,05,13,2.63
5475,2,28,2014,16,05,13,2.63
5475,2,28,2014,22,05,13,2.63
5475,3,1,2014,1,44,15,2.67
5475,3,1,2014,2,42,53,2.71
5475,3,1,2014,4,05,12,2.71
5475,3,1,2014,4,11,52,2.75
5475,3,1,2014,4,38,13,2.79
5475,3,1,2014,6,42,52,2.83
5475,3,1,2014,8,50,11,2.87
5475,3,1,2014,11,20,34,2.95
5475,3,1,2014,15,00,53,2.99
5475,3,1,2014,15,10,13,3.03
5475,3,1,2014,15,14,55,3.07
5475,3,1,2014,15,32,34,3.11
5475,3,1,2014,15,34,31,3.14
5475,3,1,2014,15,37,31,3.18
5475,3,1,2014,15,42,51,3.22
5475,3,1,2014,15,45,51,3.26
5475,3,1,2014,15,47,51,3.30
5475,3,1,2014,15,50,51,3.34
5475,3,1,2014,16,05,11,3.34
5475,3,1,2014,16,59,15,3.38
5475,3,1,2014,19,12,31,3.42
5475,3,1,2014,19,20,11,3.46
5475,3,1,2014,19,25,53,3.50
5475,3,1,2014,19,28,52,3.54
5475,3,1,2014,19,32,31,3.58
5475,3,1,2014,19,35,52,3.62
5475,3,1,2014,19,39,11,3.66
5475,3,1,2014,19,40,31,3.70
5475,3,1,2014,19,46,51,3.77
5475,3,1,2014,19,51,11,3.81
5475,3,1,2014,19,52,31,3.85
5475,3,1,2014,19,54,12,3.89
5475,3,1,2014,20,00,11,3.93
5475,3,1,2014,20,11,51,3.97
5475,3,1,2014,20,36,51,4.01
5475,3,1,2014,22,05,11,4.01
5475,3,2,2014,4,05,10,4.01
5475,3,2,2014,10,05,10,4.01
5475,3,2,2014,16,05,10,4.01
5475,3,2,2014,22,05,10,4.01
5475,3,3,2014,4,05,10,4.01
5475,3,3,2014,10,05,09,4.01
5475,3,3,2014,16,05,08,4.01
5475,3,3,2014,22,05,07,4.01
5475,3,4,2014,4,05,07,4.01
5475,3,4,2014,10,05,06,4.01
5475,3,4,2014,16,05,07,4.01
5475,3,4,2014,22,05,05,4.01
5475,3,5,2014,4,05,05,4.01
5475,3,5,2014,10,05,04,4.01
5475,3,5,2014,16,05,04,4.01
5475,3,5,2014,22,05,04,4.01
5475,3,6,2014,4,05,03,4.01
5475,3,6,2014,10,05,03,4.01
5475,3,6,2014,16,05,02,4.01
5475,3,6,2014,22,05,02,4.01
5475,3,7,2014,4,05,01,4.01
5475,3,7,2014,10,05,01,4.01
5475,3,7,2014,16,05,01,4.01
5475,3,7,2014,22,05,00,4.01
5475,3,8,2014,4,05,00,4.01
5475,3,8,2014,10,05,00,4.01
5475,3,8,2014,16,04,59,4.01
5475,3,8,2014,22,04,58,4.01
5475,3,9,2014,4,04,58,4.01
5475,3,9,2014,10,04,58,4.01
5475,3,9,2014,16,04,57,4.01
5475,3,9,2014,22,04,57,4.01
5475,3,10,2014,4,04,57,4.01
5475,3,10,2014,10,04,56,4.01
5475,3,10,2014,16,04,56,4.01
5475,3,10,2014,22,04,56,4.01
5475,3,11,2014,4,04,55,4.01
5475,3,11,2014,10,04,55,4.01
5475,3,11,2014,16,04,55,4.01
5475,3,11,2014,22,04,54,4.01
5475,3,12,2014,4,04,54,4.01
5475,3,12,2014,16,04,53,4.01
5475,3,12,2014,22,04,53,4.01
5475,3,13,2014,4,04,53,4.01
5475,3,13,2014,10,04,53,4.01
5475,3,13,2014,16,04,53,4.01
5475,3,13,2014,22,04,53,4.01
5475,3,14,2014,4,04,53,4.01
5475,3,14,2014,10,04,52,4.01
5475,3,14,2014,22,04,52,4.01
5475,3,15,2014,4,04,52,4.01
5475,3,15,2014,10,05,07,4.01
5475,3,15,2014,16,05,07,4.01
5475,3,15,2014,22,05,07,4.01
5475,3,16,2014,4,05,07,4.01
5475,3,16,2014,10,05,06,4.01
5475,3,16,2014,16,05,05,4.01
5475,3,16,2014,22,05,05,4.01
5475,3,17,2014,4,05,04,4.01
5475,3,17,2014,10,05,04,4.01
5475,3,17,2014,16,05,04,4.01
5475,3,17,2014,22,05,03,4.01
5475,3,18,2014,4,05,03,4.01
5475,3,18,2014,10,05,02,4.01
5475,3,18,2014,16,05,03,4.01
5475,3,18,2014,22,05,01,4.01
5475,3,19,2014,4,05,01,4.01
5475,3,19,2014,10,05,01,4.01
5475,3,19,2014,16,05,00,4.01
5475,3,19,2014,22,05,00,4.01
5475,3,20,2014,4,04,59,4.01
5475,3,20,2014,10,04,59,4.01
5475,3,20,2014,16,04,59,4.01
5475,3,20,2014,22,04,58,4.01
5475,3,21,2014,4,04,58,4.01
5475,3,21,2014,10,04,57,4.01
5475,3,21,2014,16,04,57,4.01
5475,3,21,2014,22,04,56,4.01
5475,3,22,2014,4,04,57,4.01
5475,3,22,2014,10,04,56,4.01
5475,3,22,2014,22,04,55,4.01
5475,3,23,2014,4,04,54,4.01
5475,3,23,2014,10,04,54,4.01
5475,3,23,2014,22,04,53,4.01
5475,3,24,2014,4,04,53,4.01
5475,3,24,2014,10,04,53,4.01
5475,3,24,2014,16,04,52,4.01
5475,3,24,2014,22,04,52,4.01
5475,3,25,2014,4,04,52,4.01
5475,3,25,2014,10,04,51,4.01
5475,3,25,2014,16,04,51,4.01
5475,3,25,2014,22,04,51,4.01
5475,3,26,2014,4,04,51,4.01
5475,3,26,2014,10,04,51,4.01
5475,3,26,2014,16,04,49,4.01
5475,3,26,2014,22,04,49,4.01
5475,3,27,2014,4,04,49,4.01
5475,3,27,2014,10,04,48,4.01
5475,3,27,2014,16,04,48,4.01
5475,3,27,2014,22,04,47,4.01
5475,3,28,2014,22,04,46,4.01
5475,3,29,2014,4,04,46,4.01
5475,3,29,2014,10,04,46,4.01
5475,3,30,2014,4,04,46,4.01
5475,3,30,2014,10,04,46,4.01
5475,3,30,2014,22,05,01,4.01
5475,3,31,2014,10,05,01,4.01
5475,3,31,2014,16,05,00,4.01
5475,3,31,2014,22,05,00,4.01
5475,4,1,2014,4,04,59,4.01
5475,4,1,2014,10,04,59,4.01
5475,4,1,2014,16,04,59,4.01
5475,4,1,2014,22,04,58,4.01
5475,4,2,2014,4,04,58,4.01
5475,4,2,2014,10,04,57,4.01
5475,4,2,2014,16,04,58,4.01
5475,4,2,2014,22,04,57,4.01
5475,4,3,2014,4,04,56,4.01
5475,4,3,2014,10,04,56,4.01
5475,4,3,2014,16,04,56,4.01
5475,4,3,2014,22,04,55,4.01
5475,4,4,2014,4,04,54,4.01
5475,4,4,2014,10,04,54,4.01
5475,4,4,2014,16,04,53,4.01
5475,4,4,2014,22,04,53,4.01
5475,4,5,2014,4,04,53,4.01
5475,4,5,2014,10,04,52,4.01
5475,4,5,2014,16,04,52,4.01
5475,4,6,2014,4,04,51,4.01
5475,4,6,2014,10,04,51,4.01
5475,4,6,2014,16,04,50,4.01
5475,4,6,2014,22,04,50,4.01
5475,4,7,2014,4,04,49,4.01
5475,4,7,2014,10,04,49,4.01
5475,4,7,2014,16,04,48,4.01
5475,4,7,2014,22,04,48,4.01
5475,4,8,2014,4,04,48,4.01
5475,4,8,2014,10,04,47,4.01
5475,4,8,2014,16,04,47,4.01
5475,4,8,2014,22,04,46,4.01
5475,4,9,2014,4,04,47,4.01
5475,4,9,2014,10,04,46,4.01
5475,4,9,2014,16,04,45,4.01
5475,4,9,2014,22,04,45,4.01
5475,4,10,2014,4,04,44,4.01
5475,4,10,2014,10,04,45,4.01
5475,4,10,2014,16,04,44,4.01
5475,4,10,2014,22,04,44,4.01
5475,4,11,2014,4,04,43,4.01
5475,4,11,2014,10,04,43,4.01
5475,4,11,2014,22,04,42,4.01
5475,4,12,2014,4,04,41,4.01
5475,4,12,2014,10,04,40,4.01
5475,4,12,2014,16,04,40,4.01
5475,4,13,2014,4,04,40,4.01
5475,4,13,2014,10,04,40,4.01
5475,4,13,2014,22,04,39,4.01
5475,4,14,2014,4,04,39,4.01
5475,4,14,2014,10,04,39,4.01
5475,4,14,2014,16,04,39,4.01
5475,4,14,2014,22,04,39,4.01
5475,4,15,2014,4,04,39,4.01
5475,4,15,2014,10,04,39,4.01
5475,4,15,2014,16,04,39,4.01
5475,4,15,2014,22,04,39,4.01
5475,4,16,2014,4,04,38,4.01
5475,4,16,2014,10,04,53,4.01
5475,4,16,2014,16,04,53,4.01
5475,4,16,2014,22,04,53,4.01
5475,4,17,2014,4,04,52,4.01
5475,4,17,2014,16,04,51,4.01
5475,4,17,2014,22,04,51,4.01
5475,4,18,2014,4,04,50,4.01
5475,4,18,2014,10,04,50,4.01
5475,4,18,2014,16,04,50,4.01
5475,4,18,2014,22,04,49,4.01
5475,4,19,2014,4,04,49,4.01
5475,4,19,2014,10,04,48,4.01
5475,4,19,2014,16,04,48,4.01
5475,4,19,2014,22,04,48,4.01
5475,4,20,2014,4,04,48,4.01
5475,4,20,2014,10,04,47,4.01
5475,4,20,2014,16,04,47,4.01
5475,4,20,2014,22,04,46,4.01
5475,4,21,2014,4,04,46,4.01
5475,4,21,2014,10,04,45,4.01
5475,4,21,2014,16,04,45,4.01
5475,4,21,2014,22,04,44,4.01
5475,4,22,2014,4,04,44,4.01
5475,4,22,2014,10,04,43,4.01
5475,4,22,2014,16,04,44,4.01
5475,4,22,2014,22,04,43,4.01
5475,4,23,2014,4,04,42,4.01
5475,4,23,2014,10,04,42,4.01
5475,4,23,2014,16,04,41,4.01
5475,4,23,2014,22,04,41,4.01
5475,4,24,2014,4,04,40,4.01
5475,4,24,2014,10,04,40,4.01
5475,4,24,2014,16,04,40,4.01
5475,4,24,2014,22,04,39,4.01
5475,4,25,2014,4,04,39,4.01
5475,4,25,2014,10,04,38,4.01
5475,4,25,2014,16,04,38,4.01
5475,4,25,2014,22,04,37,4.01
5475,4,26,2014,4,04,37,4.01
5475,4,26,2014,10,04,37,4.01
5475,4,26,2014,16,04,36,4.01
5475,4,26,2014,22,04,36,4.01
5475,4,27,2014,4,04,35,4.01
5475,4,27,2014,10,04,35,4.01
5475,4,27,2014,16,04,35,4.01
5475,4,27,2014,22,04,35,4.01
5475,4,28,2014,4,04,35,4.01
5475,4,28,2014,10,04,33,4.01
5475,4,28,2014,16,04,33,4.01
5475,4,28,2014,22,04,33,4.01
5475,4,29,2014,4,04,32,4.01
5475,4,29,2014,4,04,39,4.01
5475,4,29,2014,10,04,33,4.01
5475,4,29,2014,16,04,32,4.01
5475,4,29,2014,22,04,32,4.01
5475,4,30,2014,4,04,31,4.01
5475,4,30,2014,22,04,31,4.01
5475,5,1,2014,4,04,31,4.01
5475,5,1,2014,10,04,31,4.01
5475,5,1,2014,16,04,30,4.01
5475,5,1,2014,22,04,30,4.01
5475,5,2,2014,4,04,30,4.01
5475,5,2,2014,10,04,30,4.01
5475,5,2,2014,16,04,30,4.01
5475,5,2,2014,22,04,30,4.01
5475,5,3,2014,4,04,30,4.01
5475,5,3,2014,10,04,30,4.01
5475,5,3,2014,16,04,45,4.01
5475,5,3,2014,22,04,44,4.01
5475,5,4,2014,4,04,44,4.01
5475,5,4,2014,10,04,43,4.01
5475,5,4,2014,16,04,43,4.01
5475,5,4,2014,22,04,42,4.01
5475,5,5,2014,4,04,42,4.01
5475,5,5,2014,10,04,42,4.01
5475,5,5,2014,16,04,41,4.01
5475,5,5,2014,22,04,41,4.01
5475,5,6,2014,4,04,45,4.01
5475,5,6,2014,10,04,41,4.01
5475,5,6,2014,16,04,39,4.01
5475,5,6,2014,22,04,39,4.01
5475,5,7,2014,4,04,39,4.01
5475,5,7,2014,10,04,38,4.01
5475,5,7,2014,16,04,38,4.01
5475,5,8,2014,4,04,37,4.01
5475,5,8,2014,10,04,36,4.01
5475,5,8,2014,16,04,36,4.01
5475,5,8,2014,22,04,36,4.01
5475,5,9,2014,4,04,35,4.01
5475,5,9,2014,10,04,35,4.01
5475,5,9,2014,16,04,34,4.01
5475,5,9,2014,22,04,34,4.01
5475,5,10,2014,4,04,34,4.01
5475,5,10,2014,10,04,33,4.01
5475,5,10,2014,16,04,33,4.01
5475,5,10,2014,22,04,33,4.01
5475,5,11,2014,4,04,33,4.01
5475,5,11,2014,10,04,32,4.01
5475,5,11,2014,16,04,31,4.01
5475,5,11,2014,22,04,31,4.01
5475,5,12,2014,4,04,30,4.01
5475,5,12,2014,10,04,30,4.01
5475,5,12,2014,16,04,30,4.01
5475,5,12,2014,22,04,29,4.01
5475,5,13,2014,4,04,29,4.01
5475,5,13,2014,10,04,28,4.01
5475,5,13,2014,16,04,28,4.01
5475,5,13,2014,22,04,27,4.01
5475,5,14,2014,4,04,27,4.01
5475,5,14,2014,10,04,26,4.01
5475,5,14,2014,16,04,26,4.01
5475,5,14,2014,22,04,26,4.01
5475,5,15,2014,4,04,26,4.01
5475,5,15,2014,10,04,25,4.01
5475,5,15,2014,16,04,25,4.01
5475,5,15,2014,22,04,24,4.01
5475,5,16,2014,4,04,24,4.01
5475,5,16,2014,10,04,23,4.01
5475,5,16,2014,16,04,23,4.01
5475,5,16,2014,22,04,23,4.01
5475,5,17,2014,4,04,23,4.01
5475,5,17,2014,10,04,23,4.01
5475,5,17,2014,16,04,22,4.01
5475,5,17,2014,22,04,22,4.01
5475,5,18,2014,4,04,22,4.01
5475,5,18,2014,10,04,22,4.01
5475,5,18,2014,22,04,22,4.01
5475,5,19,2014,4,04,22,4.01
5475,5,19,2014,10,04,22,4.01
5475,5,19,2014,16,04,22,4.01
5475,5,20,2014,4,04,21,4.01
5475,5,20,2014,10,04,37,4.01
5475,5,20,2014,11,07,37,4.01
5475,5,20,2014,17,13,16,4.01
5475,5,20,2014,23,13,15,4.01
5475,5,21,2014,5,13,15,4.01
5475,5,21,2014,9,09,18,4.01
5475,5,21,2014,15,08,14,4.01
5475,5,21,2014,21,08,14,4.01
5475,5,22,2014,3,08,13,4.01
5475,5,22,2014,9,08,13,4.01
5475,5,22,2014,15,08,13,4.01
5475,5,22,2014,21,08,12,4.01
5475,5,23,2014,3,08,12,4.01
5475,5,23,2014,9,08,11,4.01
5475,5,23,2014,15,08,11,4.01
5475,5,23,2014,21,08,10,4.01
5475,5,24,2014,3,08,10,4.01
5475,5,24,2014,15,08,09,4.01
5475,5,24,2014,21,08,09,4.01
5475,5,25,2014,3,08,08,4.01
5475,5,25,2014,9,08,08,4.01
5475,5,25,2014,15,08,08,4.01
5475,5,25,2014,21,08,07,4.01
5475,5,26,2014,3,08,07,4.01
5475,5,26,2014,9,08,06,4.01
5475,5,26,2014,15,08,06,4.01
5475,5,26,2014,21,08,05,4.01
5475,5,27,2014,3,08,05,4.01
5475,5,27,2014,9,08,04,4.01
5475,5,27,2014,15,08,04,4.01
5475,5,27,2014,21,08,04,4.01
5475,5,28,2014,3,08,03,4.01
5475,5,28,2014,9,08,03,4.01
5475,5,28,2014,15,08,02,4.01
5475,5,28,2014,21,08,02,4.01
5475,5,29,2014,3,08,02,4.01
5475,5,29,2014,9,08,01,4.01
5475,5,29,2014,15,08,01,4.01
5475,5,30,2014,3,08,00,4.01
5475,5,30,2014,9,08,00,4.01
5475,5,30,2014,15,07,59,4.01
5475,5,30,2014,21,07,59,4.01
5475,5,31,2014,3,07,58,4.01
5475,5,31,2014,9,07,58,4.01
5475,5,31,2014,15,07,58,4.01
5475,5,31,2014,21,07,58,4.01
5475,6,1,2014,3,07,58,4.01
5475,6,1,2014,9,07,58,4.01
5475,6,1,2014,15,07,58,4.01
5475,6,1,2014,21,07,58,4.01
5475,6,2,2014,3,07,58,4.01
5475,6,2,2014,9,07,58,4.01
5475,6,2,2014,15,07,58,4.01
5475,6,2,2014,21,08,13,4.01
5475,6,3,2014,3,08,13,4.01
5475,6,3,2014,9,08,13,4.01
5475,6,3,2014,15,08,12,4.01
5475,6,3,2014,21,08,12,4.01
5475,6,4,2014,3,08,11,4.01
5475,6,4,2014,9,08,11,4.01
5475,6,4,2014,15,08,10,4.01
5475,6,4,2014,21,08,10,4.01
5475,6,5,2014,3,08,10,4.01
5475,6,5,2014,9,08,09,4.01
5475,6,5,2014,15,08,09,4.01
5475,6,5,2014,21,08,08,4.01
5475,6,6,2014,3,08,08,4.01
5475,6,6,2014,9,08,07,4.01
5475,6,6,2014,15,08,31,4.01
5475,6,6,2014,21,08,07,4.01
5475,6,7,2014,3,08,06,4.01
5475,6,7,2014,9,08,06,4.01
5475,6,7,2014,15,08,05,4.01
5475,6,7,2014,21,08,05,4.01
5475,6,8,2014,3,08,04,4.01
5475,6,8,2014,9,08,04,4.01
5475,6,8,2014,15,08,04,4.01
5475,6,8,2014,21,08,03,4.01
5475,6,9,2014,3,08,04,4.01
5475,6,9,2014,9,08,02,4.01
5475,6,9,2014,15,08,02,4.01
5475,6,9,2014,21,08,02,4.01
5475,6,10,2014,3,08,01,4.01
5475,6,10,2014,9,08,01,4.01
5475,6,10,2014,15,08,00,4.01
5475,6,10,2014,21,08,00,4.01
5475,6,11,2014,3,07,59,4.01
5475,6,11,2014,9,07,59,4.01
5475,6,11,2014,15,07,59,4.01
5475,6,11,2014,21,07,58,4.01
5475,6,12,2014,3,07,58,4.01
5475,6,12,2014,9,07,58,4.01
5475,6,12,2014,15,07,58,4.01
5475,6,12,2014,21,07,58,4.01
5475,6,13,2014,3,07,58,4.01
5475,6,13,2014,9,07,58,4.01
5475,6,13,2014,15,07,58,4.01
5475,6,13,2014,21,07,58,4.01
5475,6,14,2014,3,07,58,4.01
5475,6,14,2014,9,07,58,4.01
5475,6,14,2014,21,08,13,4.01
5475,6,15,2014,3,08,13,4.01
5475,6,15,2014,9,08,12,4.01
5475,6,15,2014,15,08,12,4.01
5475,6,15,2014,21,08,11,4.01
5475,6,16,2014,3,08,11,4.01
5475,6,16,2014,9,08,11,4.01
5475,6,16,2014,15,08,10,4.01
5475,6,16,2014,21,08,10,4.01
5475,6,17,2014,3,08,09,4.01
5475,6,17,2014,9,08,09,4.01
5475,6,17,2014,15,08,09,4.01
5475,6,18,2014,3,08,08,4.01
5475,6,18,2014,9,08,07,4.01
5475,6,18,2014,15,08,07,4.01
5475,6,18,2014,21,08,07,4.01
5475,6,19,2014,3,08,06,4.01
5475,6,19,2014,9,08,07,4.01
5475,6,19,2014,15,08,05,4.01
5475,6,19,2014,21,08,05,4.01
5475,6,20,2014,3,08,04,4.01
5475,6,20,2014,9,08,04,4.01
5475,6,20,2014,21,08,03,4.01
5475,6,21,2014,3,08,03,4.01
5475,6,21,2014,9,08,02,4.01
5475,6,21,2014,21,08,01,4.01
5475,6,22,2014,3,08,01,4.01
5475,6,22,2014,9,08,01,4.01
5475,6,22,2014,15,08,00,4.01
5475,6,22,2014,21,08,00,4.01
5475,6,23,2014,3,08,00,4.01
5475,6,23,2014,9,07,59,4.01
5475,6,23,2014,15,07,59,4.01
5475,6,23,2014,21,07,58,4.01
5475,6,24,2014,3,07,58,4.01
5475,6,24,2014,9,08,12,4.01
5475,6,24,2014,15,08,11,4.01
5475,6,24,2014,21,08,11,4.01
5475,6,25,2014,3,08,10,4.01
5475,6,25,2014,9,08,10,4.01
5475,6,25,2014,15,08,10,4.01
5475,6,25,2014,21,08,10,4.01
5475,6,26,2014,3,08,09,4.01
5475,6,26,2014,9,08,09,4.01
5475,6,26,2014,15,08,09,4.01
5475,6,26,2014,21,08,07,4.01
5475,6,27,2014,3,08,07,4.01
5475,6,27,2014,9,08,07,4.01
5475,6,27,2014,15,08,07,4.01
5475,6,27,2014,21,08,06,4.01
5475,6,28,2014,3,08,06,4.01
5475,6,28,2014,9,08,06,4.01
5475,6,28,2014,15,08,04,4.01
5475,6,28,2014,21,08,04,4.01
5475,6,29,2014,3,08,04,4.01
5475,6,29,2014,9,08,03,4.01
5475,6,29,2014,15,08,03,4.01
5475,6,29,2014,21,08,02,4.01
5475,6,30,2014,3,08,02,4.01
5475,6,30,2014,9,08,02,4.01
5475,6,30,2014,15,08,01,4.01
5475,6,30,2014,21,08,01,4.01
5475,7,1,2014,3,08,01,4.01
5475,7,1,2014,9,08,00,4.01
5475,7,1,2014,15,08,00,4.01
5475,7,1,2014,21,07,59,4.01
5475,7,2,2014,3,07,59,4.01
5475,7,2,2014,9,07,59,4.01
5475,7,2,2014,21,07,59,4.01
5475,7,3,2014,3,07,59,4.01
5475,7,3,2014,9,07,59,4.01
5475,7,3,2014,15,07,59,4.01
5475,7,3,2014,21,07,59,4.01
5475,7,3,2014,23,53,56,4.05
5475,7,4,2014,1,07,16,4.09
5475,7,4,2014,3,07,59,4.09
5475,7,4,2014,9,08,14,4.09
5475,7,4,2014,15,08,15,4.09
5475,7,4,2014,21,08,14,4.09
5475,7,5,2014,3,08,14,4.09
5475,7,5,2014,9,08,13,4.09
5475,7,5,2014,15,08,13,4.09
5475,7,5,2014,21,08,12,4.09
5475,7,6,2014,3,08,12,4.09
5475,7,6,2014,15,08,11,4.09
5475,7,6,2014,21,08,11,4.09
5475,7,7,2014,3,08,10,4.09
5475,7,7,2014,9,08,10,4.09
5475,7,7,2014,15,08,10,4.09
5475,7,7,2014,21,08,09,4.09
5475,7,8,2014,3,08,08,4.09
5475,7,8,2014,9,08,08,4.09
5475,7,8,2014,15,08,07,4.09
5475,7,8,2014,21,08,07,4.09
5475,7,9,2014,3,08,07,4.09
5475,7,9,2014,9,08,06,4.09
5475,7,9,2014,15,08,06,4.09
5475,7,9,2014,21,08,05,4.09
5475,7,10,2014,3,08,05,4.09
5475,7,10,2014,9,08,04,4.09
5475,7,10,2014,15,08,04,4.09
5475,7,10,2014,21,08,04,4.09
5475,7,11,2014,3,08,03,4.09
5475,7,11,2014,9,08,03,4.09
5475,7,11,2014,15,08,02,4.09
5475,7,11,2014,21,08,03,4.09
5475,7,12,2014,3,08,02,4.09
5475,7,12,2014,9,08,01,4.09
5475,7,12,2014,15,08,00,4.09
5475,7,12,2014,21,08,00,4.09
5475,7,13,2014,3,08,00,4.09
5475,7,13,2014,9,07,59,4.09
5475,7,13,2014,15,08,00,4.09
5475,7,13,2014,21,08,00,4.09
5475,7,14,2014,0,42,37,4.13
5475,7,14,2014,0,46,38,4.17
5475,7,14,2014,0,47,57,4.21
5475,7,14,2014,0,48,57,4.25
5475,7,14,2014,0,50,37,4.29
5475,7,14,2014,0,56,02,4.37
5475,7,14,2014,3,08,00,4.37
5475,7,14,2014,9,08,00,4.37
5475,7,14,2014,15,08,00,4.37
5475,7,14,2014,21,08,00,4.37
5475,7,15,2014,3,08,00,4.37
5475,7,15,2014,9,08,15,4.37
5475,7,15,2014,15,08,15,4.37
5475,7,15,2014,21,08,14,4.37
5475,7,16,2014,3,08,14,4.37
5475,7,16,2014,9,08,15,4.37
5475,7,16,2014,15,08,14,4.37
5475,7,16,2014,21,08,12,4.37
5475,7,17,2014,3,08,12,4.37
5475,7,17,2014,9,08,12,4.37
5475,7,17,2014,15,08,11,4.37
5475,7,18,2014,3,08,10,4.37
5475,7,18,2014,9,08,11,4.37
5475,7,18,2014,15,08,09,4.37
5475,7,18,2014,21,08,09,4.37
5475,7,19,2014,3,08,09,4.37
5475,7,19,2014,9,08,08,4.37
5475,7,19,2014,15,08,08,4.37
5475,7,19,2014,21,08,07,4.37
5475,7,20,2014,3,08,07,4.37
5475,7,20,2014,9,08,06,4.37
5475,7,20,2014,15,08,06,4.37
5475,7,20,2014,21,08,05,4.37
5475,7,21,2014,3,08,05,4.37
5475,7,21,2014,9,08,04,4.37
5475,7,21,2014,15,08,04,4.37
5475,7,21,2014,21,08,04,4.37
5475,7,22,2014,3,08,03,4.37
5475,7,22,2014,9,08,03,4.37
5475,7,22,2014,15,08,03,4.37
5475,7,22,2014,21,08,02,4.37
5475,7,23,2014,3,08,02,4.37
5475,7,23,2014,9,08,01,4.37
5475,7,23,2014,15,08,01,4.37
5475,7,23,2014,21,08,01,4.37
5475,7,24,2014,3,08,01,4.37
5475,7,24,2014,9,08,01,4.37
5475,7,24,2014,15,08,01,4.37
5475,7,24,2014,21,08,02,4.37
5475,7,25,2014,3,08,02,4.37
5475,7,25,2014,9,08,02,4.37
5475,7,25,2014,15,08,02,4.37
5475,7,25,2014,23,11,57,4.40
5475,7,26,2014,3,08,16,4.40
5475,7,26,2014,9,08,16,4.40
5475,7,26,2014,15,08,15,4.40
5475,7,26,2014,21,08,15,4.40
5475,7,27,2014,0,08,55,4.44
5475,7,27,2014,0,11,15,4.48
5475,7,27,2014,0,13,00,4.52
5475,7,27,2014,0,14,36,4.56
5475,7,27,2014,0,16,56,4.60
5475,7,27,2014,0,18,55,4.64
5475,7,27,2014,0,19,56,4.68
5475,7,27,2014,0,21,15,4.72
5475,7,27,2014,0,34,35,4.76
5475,7,27,2014,3,08,15,4.76
5475,7,27,2014,9,08,14,4.76
5475,7,27,2014,15,08,14,4.76
5475,7,28,2014,3,08,14,4.76
5475,7,28,2014,9,08,12,4.76
5475,7,28,2014,15,08,12,4.76
5475,7,28,2014,21,08,12,4.76
5475,7,29,2014,9,08,11,4.76
5475,7,29,2014,15,08,10,4.76
5475,7,29,2014,21,08,10,4.76
5475,7,30,2014,3,08,09,4.76
5475,7,30,2014,9,08,09,4.76
5475,7,30,2014,15,08,08,4.76
5475,7,30,2014,21,08,08,4.76
5475,7,31,2014,3,08,08,4.76
5475,7,31,2014,9,08,07,4.76
5475,7,31,2014,15,08,07,4.76
5475,7,31,2014,20,25,26,4.80
5475,7,31,2014,20,35,06,4.84
5475,7,31,2014,20,39,06,4.88
5475,7,31,2014,20,46,46,4.92
5475,7,31,2014,21,08,06,4.92
5475,7,31,2014,23,44,47,4.96
5475,8,1,2014,3,08,06,4.96
5475,8,1,2014,9,08,05,4.96
5475,8,1,2014,15,08,05,4.96
5475,8,1,2014,21,08,05,4.96
5475,8,2,2014,3,08,05,4.96
5475,8,2,2014,9,08,04,4.96
5475,8,2,2014,15,08,04,4.96
5475,8,2,2014,17,55,43,4.99
5475,8,2,2014,19,00,03,5.07
5475,8,2,2014,21,08,03,5.07
5475,8,3,2014,3,08,03,5.07
5475,8,3,2014,9,08,03,5.07
5475,8,3,2014,13,02,42,5.11
5475,8,3,2014,15,08,02,5.11
5475,8,3,2014,21,08,02,5.11
5475,8,4,2014,3,08,02,5.11
5475,8,4,2014,9,08,02,5.11
5475,8,4,2014,15,08,02,5.11
5475,8,4,2014,21,08,02,5.11
5475,8,5,2014,3,08,02,5.11
5475,8,5,2014,9,08,02,5.11
5475,8,5,2014,15,08,02,5.11
5475,8,5,2014,21,08,18,5.11
5475,8,6,2014,3,08,17,5.11
5475,8,6,2014,9,08,17,5.11
5475,8,6,2014,15,08,16,5.11
5475,8,6,2014,21,08,16,5.11
5475,8,7,2014,3,08,15,5.11
5475,8,7,2014,9,08,15,5.11
5475,8,7,2014,15,08,15,5.11
5475,8,7,2014,21,08,14,5.11
5475,8,8,2014,3,08,14,5.11
5475,8,8,2014,9,08,13,5.11
5475,8,8,2014,15,08,13,5.11
5475,8,8,2014,21,08,12,5.11
5475,8,9,2014,3,08,12,5.11
5475,8,9,2014,9,08,11,5.11
5475,8,9,2014,15,08,11,5.11
5475,8,9,2014,21,08,11,5.11
5475,8,10,2014,3,08,10,5.11
5475,8,10,2014,9,08,10,5.11
5475,8,10,2014,15,08,09,5.11
5475,8,10,2014,21,08,09,5.11
5475,8,11,2014,3,08,08,5.11
5475,8,11,2014,9,08,08,5.11
5475,8,11,2014,15,08,08,5.11
5475,8,11,2014,21,08,08,5.11
5475,8,12,2014,3,08,07,5.11
5475,8,12,2014,9,08,06,5.11
5475,8,12,2014,15,08,06,5.11
5475,8,12,2014,19,23,27,5.15
5475,8,12,2014,19,30,46,5.19
5475,8,12,2014,19,33,06,5.23
5475,8,12,2014,19,39,05,5.27
5475,8,12,2014,19,50,48,5.31
5475,8,12,2014,19,54,25,5.35
5475,8,12,2014,19,56,26,5.39
5475,8,12,2014,20,06,06,5.51
5475,8,12,2014,20,22,26,5.55
5475,8,12,2014,20,38,50,5.59
5475,8,12,2014,20,45,07,5.62
5475,8,12,2014,20,50,26,5.66
5475,8,12,2014,20,51,26,5.70
5475,8,12,2014,20,52,29,5.74
5475,8,12,2014,20,54,06,5.78
5475,8,12,2014,20,56,45,5.82
5475,8,12,2014,21,06,45,5.90
5475,8,12,2014,21,08,06,5.90
5475,8,12,2014,21,16,45,5.94
5475,8,12,2014,21,41,06,5.98
5475,8,12,2014,23,56,45,6.02
5475,8,13,2014,0,36,45,6.06
5475,8,13,2014,3,08,06,6.06
5475,8,13,2014,4,09,26,6.10
5475,8,13,2014,9,08,05,6.10
5475,8,13,2014,15,08,05,6.10
5475,8,13,2014,21,08,04,6.10
5475,8,14,2014,3,08,04,6.10
5475,8,14,2014,9,08,04,6.10
5475,8,14,2014,15,08,03,6.10
5475,8,14,2014,21,08,03,6.10
5475,8,15,2014,3,08,02,6.10
5475,8,15,2014,9,08,02,6.10
5475,8,15,2014,15,08,02,6.10
5475,8,15,2014,21,08,02,6.10
5475,8,16,2014,3,08,02,6.10
5475,8,16,2014,9,08,02,6.10
5475,8,16,2014,21,08,03,6.10
5475,8,17,2014,3,08,02,6.10
5475,8,17,2014,9,08,18,6.10
5475,8,17,2014,15,08,17,6.10
5475,8,17,2014,21,08,17,6.10
5475,8,18,2014,0,05,36,6.14
5475,8,18,2014,1,20,17,6.18
5475,8,18,2014,1,25,36,6.22
5475,8,18,2014,3,08,16,6.22
5475,8,18,2014,4,24,36,6.25
5475,8,18,2014,5,05,56,6.29
5475,8,18,2014,5,16,16,6.33
5475,8,18,2014,5,53,36,6.37
5475,8,18,2014,9,08,16,6.37
5475,8,18,2014,15,08,16,6.37
5475,8,18,2014,21,08,15,6.37
5475,8,19,2014,3,08,15,6.37
5475,8,19,2014,8,46,35,6.41
5475,8,19,2014,8,56,35,6.45
5475,8,19,2014,8,58,15,6.49
5475,8,19,2014,9,08,15,6.49
5475,8,19,2014,9,15,14,6.53
5475,8,19,2014,9,16,14,6.57
5475,8,19,2014,9,28,14,6.65
5475,8,19,2014,9,29,16,6.73
5475,8,19,2014,9,30,14,6.73
5475,8,19,2014,9,30,55,6.77
5475,8,19,2014,10,52,15,6.85
5475,8,19,2014,11,00,15,6.88
5475,8,19,2014,15,08,14,6.88
5475,8,19,2014,21,08,14,6.88
5475,8,20,2014,3,08,13,6.88
5475,8,20,2014,9,08,13,6.88
5475,8,20,2014,15,08,12,6.88
5475,8,20,2014,21,08,12,6.88
5475,8,21,2014,3,08,11,6.88
5475,8,21,2014,11,27,53,6.92
5475,8,21,2014,15,08,10,6.92
5475,8,21,2014,20,37,32,6.96
5475,8,21,2014,21,08,10,6.96
5475,8,21,2014,21,10,50,7.00
5475,8,22,2014,3,08,10,7.00
5475,8,22,2014,9,08,09,7.00
5475,8,22,2014,15,08,09,7.00
5475,8,22,2014,21,08,08,7.00
5475,8,23,2014,3,08,08,7.00
5475,8,23,2014,9,08,07,7.00
5475,8,23,2014,15,08,07,7.00
5475,8,23,2014,21,08,07,7.00
5475,8,24,2014,3,08,06,7.00
5475,8,24,2014,9,08,06,7.00
5475,8,24,2014,15,08,05,7.00
5475,8,24,2014,21,08,05,7.00
5475,8,25,2014,3,08,04,7.00
5475,8,25,2014,9,08,04,7.00
5475,8,25,2014,15,08,04,7.00
5475,8,25,2014,21,08,04,7.00
5475,8,26,2014,3,08,04,7.00
5475,8,26,2014,9,08,03,7.00
5475,8,26,2014,15,08,02,7.00
5475,8,26,2014,21,08,03,7.00
5475,8,27,2014,3,08,01,7.00
5475,8,27,2014,9,08,01,7.00
5475,8,27,2014,15,08,01,7.00
5475,8,27,2014,21,08,01,7.00
5475,8,28,2014,3,08,01,7.00
5475,8,28,2014,9,08,01,7.00
5475,8,28,2014,15,08,01,7.00
5475,8,28,2014,21,08,01,7.00
5475,8,29,2014,3,08,01,7.00
5475,8,29,2014,9,08,01,7.00
5475,8,29,2014,15,08,01,7.00
5475,8,29,2014,21,08,17,7.00
5475,8,30,2014,3,08,16,7.00
5475,8,30,2014,9,08,16,7.00
5475,8,30,2014,21,08,15,7.00
5475,8,31,2014,3,08,14,7.00
5475,8,31,2014,9,08,14,7.00
5475,8,31,2014,15,08,13,7.00
5475,8,31,2014,21,08,13,7.00
5475,9,1,2014,9,08,12,7.00
5475,9,1,2014,15,08,11,7.00
5475,9,1,2014,21,08,11,7.00
5475,9,2,2014,3,08,11,7.00
5475,9,2,2014,9,08,10,7.00
5475,9,2,2014,15,08,10,7.00
5475,9,2,2014,21,08,09,7.00
5475,9,3,2014,3,08,09,7.00
5475,9,3,2014,9,08,09,7.00
5475,9,3,2014,15,08,08,7.00
5475,9,3,2014,21,08,08,7.00
5475,9,4,2014,3,08,07,7.00
5475,9,4,2014,5,01,08,7.08
5475,9,4,2014,9,08,07,7.08
5475,9,4,2014,15,08,06,7.08
5475,9,4,2014,21,08,06,7.08
5475,9,5,2014,3,08,05,7.08
5475,9,5,2014,9,08,05,7.08
5475,9,5,2014,15,08,04,7.08
5475,9,5,2014,21,08,05,7.08
5475,9,6,2014,3,08,04,7.08
5475,9,6,2014,9,08,03,7.08
5475,9,6,2014,15,08,03,7.08
5475,9,6,2014,21,08,03,7.08
5475,9,7,2014,9,08,02,7.08
5475,9,7,2014,15,08,01,7.08
5475,9,7,2014,21,08,01,7.08
5475,9,8,2014,1,03,40,7.12
5475,9,8,2014,1,08,20,7.16
5475,9,8,2014,1,19,01,7.20
5475,9,8,2014,1,52,41,7.24
5475,9,8,2014,3,08,02,7.28
5475,9,8,2014,3,11,03,7.32
5475,9,8,2014,3,19,41,7.36
5475,9,8,2014,3,31,41,7.40
5475,9,8,2014,3,41,02,7.44
5475,9,8,2014,4,18,42,7.48
5475,9,8,2014,4,27,02,7.51
5475,9,8,2014,4,45,40,7.59
5475,9,8,2014,5,13,01,7.67
5475,9,8,2014,5,23,04,7.71
5475,9,8,2014,5,36,01,7.75
5475,9,8,2014,6,00,22,7.79
5475,9,8,2014,6,14,01,7.83
5475,9,8,2014,6,17,24,7.87
5475,9,8,2014,6,29,20,7.91
5475,9,8,2014,6,38,41,7.95
5475,9,8,2014,6,50,41,7.99
5475,9,8,2014,6,58,01,8.03
5475,9,8,2014,7,06,00,8.07
5475,9,8,2014,7,14,01,8.11
5475,9,8,2014,7,25,21,8.14
5475,9,8,2014,7,30,40,8.18
5475,9,8,2014,7,38,01,8.22
5475,9,8,2014,7,45,00,8.26
5475,9,8,2014,8,03,00,8.30
5475,9,8,2014,8,21,41,8.34
5475,9,8,2014,9,08,00,8.34
5475,9,8,2014,15,08,01,8.34
5475,9,8,2014,21,08,01,8.34
5475,9,8,2014,23,22,20,8.38
5475,9,8,2014,23,23,39,8.42
5475,9,8,2014,23,24,59,8.46
5475,9,8,2014,23,25,59,8.50
5475,9,8,2014,23,27,00,8.54
5475,9,8,2014,23,27,59,8.58
5475,9,8,2014,23,29,19,8.62
5475,9,8,2014,23,30,20,8.66
5475,9,8,2014,23,31,39,8.70
5475,9,8,2014,23,32,59,8.74
5475,9,8,2014,23,34,39,8.77
5475,9,9,2014,3,08,01,8.81
5475,9,9,2014,9,08,00,8.81
5475,9,9,2014,15,08,00,8.81
5475,9,9,2014,21,08,00,8.81
5475,9,10,2014,3,08,00,8.81
5475,9,10,2014,9,08,00,8.81
5475,9,10,2014,15,08,00,8.81
5475,9,10,2014,21,08,15,8.81
5475,9,11,2014,3,08,15,8.81
5475,9,11,2014,9,08,14,8.81
5475,9,11,2014,15,08,14,8.81
5475,9,11,2014,21,08,14,8.81
5475,9,12,2014,9,08,13,8.81
5475,9,12,2014,15,08,12,8.81
5475,9,12,2014,21,08,12,8.81
5475,9,13,2014,3,08,11,8.81
5475,9,13,2014,9,08,11,8.81
5475,9,13,2014,15,08,11,8.81
5475,9,13,2014,21,08,10,8.81
5475,9,14,2014,3,08,10,8.81
5475,9,14,2014,9,08,10,8.81
5475,9,14,2014,15,08,09,8.81
5475,9,14,2014,21,08,08,8.81
5475,9,15,2014,9,08,07,8.81
5475,9,15,2014,15,08,07,8.81
5475,9,15,2014,21,08,07,8.81
5475,9,16,2014,3,08,07,8.81
5475,9,16,2014,9,08,07,8.81
5475,9,16,2014,15,08,05,8.81
5475,9,16,2014,21,08,05,8.81
5475,9,17,2014,3,08,04,8.81
5475,9,17,2014,9,08,05,8.81
5475,9,17,2014,15,08,04,8.81
5475,9,17,2014,21,08,04,8.81
5475,9,18,2014,3,08,03,8.81
5475,9,18,2014,9,08,03,8.81
5475,9,18,2014,15,08,03,8.81
5475,9,18,2014,21,08,02,8.81
5475,9,19,2014,3,08,01,8.81
5475,9,19,2014,9,08,01,8.81
5475,9,19,2014,15,08,00,8.81
5475,9,19,2014,21,08,00,8.81
5475,9,20,2014,3,08,00,8.81
5475,9,20,2014,9,07,59,8.81
5475,9,20,2014,15,07,59,8.81
5475,9,20,2014,21,07,59,8.81
5475,9,21,2014,3,07,59,8.81
5475,9,21,2014,9,07,59,8.81
5475,9,21,2014,15,07,59,8.81
5475,9,21,2014,21,07,59,8.81
5475,9,22,2014,3,07,59,8.81
5475,9,22,2014,9,07,58,8.81
5475,9,22,2014,15,07,59,8.81
5475,9,22,2014,21,07,59,8.81
5475,9,23,2014,3,07,59,8.81
5475,9,23,2014,9,08,14,8.81
5475,9,23,2014,15,08,13,8.81
5475,9,23,2014,21,08,13,8.81
5475,9,24,2014,3,08,12,8.81
5475,9,24,2014,9,08,12,8.81
5475,9,24,2014,15,08,11,8.81
5475,9,24,2014,21,08,11,8.81
5475,9,25,2014,3,08,11,8.81
5475,9,25,2014,9,08,10,8.81
5475,9,25,2014,15,08,10,8.81
5475,9,26,2014,3,08,09,8.81
5475,9,26,2014,9,08,09,8.81
5475,9,26,2014,15,08,08,8.81
5475,9,26,2014,21,08,08,8.81
5475,9,27,2014,3,08,07,8.81
5475,9,27,2014,9,08,07,8.81
5475,9,27,2014,15,08,07,8.85
5475,9,27,2014,21,08,06,8.85
5475,9,28,2014,3,08,06,8.85
5475,9,28,2014,9,08,05,8.85
5475,9,28,2014,15,08,05,8.85
5475,9,28,2014,21,08,04,8.85
5475,9,29,2014,3,08,04,8.85
5475,9,29,2014,9,08,04,8.85
5475,9,29,2014,15,08,04,8.85
5475,9,29,2014,21,08,03,8.85
5475,9,30,2014,3,08,03,8.85
5475,9,30,2014,9,08,02,8.85
5475,9,30,2014,15,08,01,8.85
5475,9,30,2014,21,08,01,8.85
